0 0.000000 0.000000 1 1 0 0 1 1 0 0 0.160099 0.022727 0.000000 0.102778 0.000000 0 1 0 1 0 0 0.000000 0.500000 0 0 0 0 0 0.000000 0.000000 0.250000 0.000000 0.000000 0.333333 0.000000 0.000000 0.400000 0 0.142857 0 0 0.333333 1 0 0.276596 1 0
0 0.000000 0.000000 1 0 0 1 1 1 0 0 0.366995 0.000000 0.611111 0.833333 0.000000 1 0 0 1 0 0 0.500000 0.500000 0 0 1 0 0 0.000000 0.000000 0.000000 0.000000 0.000000 0.000000 0.000000 0.000000 0.000000 0 0.000000 0 0 1.000000 1 1 0.617021 1 0
0 0.000000 0.000000 1 1 0 0 1 1 0 0 0.162562 0.026515 0.000000 0.169444 0.000000 0 1 0 1 0 0 0.000000 0.000000 0 0 0 0 0 0.000000 0.000000 0.000000 0.000000 0.000000 0.000000 0.000000 0.000000 0.000000 0 0.000000 0 0 0.166667 1 0 0.638298 1 0
0 0.000000 0.000000 1 0 0 1 1 1 0 0 0.012315 0.034091 0.000000 0.300000 0.000000 1 0 0 0 1 0 0.000000 0.500000 0 0 0 0 0 0.000000 0.000000 0.500000 0.000000 0.666667 0.333333 0.000000 1.000000 0.200000 0 0.428571 0 0 0.833333 1 0 0.404255 1 0
0 0.000000 0.000000 1 1 0 0 1 0 0 1 0.056650 0.227273 0.000000 0.133333 0.000000 1 0 0 1 0 0 0.000000 0.000000 0 0 0 0 0 0.000000 0.000000 0.000000 0.000000 0.333333 0.666667 0.000000 0.200000 0.400000 0 0.571429 0 0 0.166667 1 0 0.106383 1 0
0 0.000000 0.000000 1 0 1 0 1 1 0 0 0.322660 0.000000 0.000000 0.366667 0.000000 1 0 0 1 0 0 0.000000 0.000000 0 0 0 0 0 0.000000 0.000000 0.250000 0.000000 0.000000 1.000000 0.000000 0.000000 0.600000 0 0.428571 0 0 0.166667 1 0 0.234043 1 0
0 0.000000 0.000000 1 0 0 1 1 1 0 0 0.100985 0.090909 0.833333 0.008333 0.147059 1 0 0 1 0 0 0.500000 0.750000 1 1 1 1 1 0.000000 0.000000 0.250000 0.000000 0.000000 0.000000 0.000000 0.200000 0.000000 0 0.142857 0 0 0.500000 1 1 0.276596 1 0
0 0.000000 0.000000 1 0 0 1 1 0 1 0 0.012315 0.204545 0.000000 0.013889 0.000000 1 0 0 1 0 0 0.000000 0.000000 0 0 0 0 0 0.000000 0.000000 0.000000 0.000000 0.000000 0.000000 0.000000 0.000000 0.000000 0 0.000000 0 0 0.500000 1 0 0.148936 1 0
0 0.000000 0.000000 1 0 1 0 1 1 0 0 0.027094 0.363636 0.000000 0.066667 0.000000 1 0 0 1 0 0 0.000000 0.000000 0 0 0 0 0 0.000000 0.000000 1.000000 1.000000 0.000000 0.666667 1.000000 0.000000 1.000000 0 1.000000 0 0 0.166667 1 0 0.021277 1 0
0 0.000000 0.000000 1 0 1 0 1 0 1 0 0.066502 0.053030 0.000000 0.116667 0.000000 0 1 0 0 1 0 0.000000 0.000000 0 0 0 0 0 0.000000 0.500000 0.250000 0.000000 0.000000 0.333333 0.000000 0.200000 0.200000 0 0.142857 0 0 0.333333 1 0 0.425532 1 0
0 0.000000 0.000000 1 1 0 0 1 1 0 0 0.071429 0.132576 0.166667 0.002778 0.176471 1 0 0 1 0 0 1.000000 0.250000 0 0 1 0 0 0.000000 0.000000 0.250000 0.000000 0.000000 0.000000 0.000000 0.000000 0.200000 0 0.142857 0 0 0.333333 1 1 0.319149 1 0
0 0.000000 1.000000 1 1 0 0 1 1 0 0 0.086207 1.000000 0.833333 0.272222 0.352941 1 0 0 1 0 0 0.000000 0.000000 1 1 1 1 1 0.000000 0.000000 0.000000 0.000000 0.000000 0.000000 0.000000 0.000000 0.000000 0 0.000000 0 0 0.166667 1 1 0.531915 1 0
0 0.000000 0.000000 1 1 0 0 1 1 0 0 0.022167 0.022727 0.000000 0.033333 0.000000 0 1 0 1 0 0 0.000000 0.250000 0 0 0 0 0 0.000000 0.000000 0.000000 0.000000 0.000000 0.000000 0.000000 0.000000 0.000000 0 0.000000 0 0 0.166667 1 0 0.361702 1 0
0 0.000000 0.000000 1 1 0 0 1 1 0 0 0.014778 0.022727 0.000000 0.022222 0.000000 1 0 0 1 0 0 0.000000 0.750000 0 0 0 0 0 0.000000 0.000000 0.250000 0.000000 0.000000 0.666667 0.000000 0.000000 0.400000 0 0.428571 0 0 0.500000 1 0 0.489362 1 0
0 0.000000 0.000000 1 1 0 0 1 0 1 0 0.000000 0.022727 0.000000 0.083333 0.000000 1 0 0 1 0 0 0.000000 0.250000 0 0 0 0 0 0.000000 0.500000 0.250000 0.000000 0.000000 0.333333 0.000000 0.000000 0.600000 0 0.285714 0 0 0.500000 1 0 0.319149 1 0
1 0.519088 0.500000 1 0 0 1 1 1 0 0 0.440887 0.000000 0.833333 0.633333 0.000000 0 1 0 1 0 0 0.500000 0.000000 1 1 1 1 1 0.000000 0.000000 0.000000 0.333333 0.333333 0.000000 0.500000 0.200000 0.400000 0 0.285714 0 0 0.333333 1 1 0.617021 1 0
0 0.000000 0.000000 1 1 0 0 1 1 0 0 0.056650 0.363636 0.000000 0.333333 0.000000 1 0 0 1 0 0 0.000000 0.500000 0 0 0 0 0 0.000000 0.500000 0.250000 0.333333 0.333333 0.000000 0.250000 0.200000 0.000000 0 0.285714 0 0 0.166667 1 0 0.319149 1 0
0 0.000000 0.000000 1 0 0 1 1 1 0 0 0.086207 0.000000 0.000000 0.100000 0.000000 1 0 0 1 0 0 0.000000 0.000000 0 0 0 0 0 0.000000 0.000000 0.000000 0.000000 0.000000 0.000000 0.000000 0.000000 0.000000 0 0.142857 0 0 0.166667 1 0 0.404255 1 0
0 0.000000 0.000000 1 1 0 0 1 1 0 0 0.041872 0.136364 0.000000 0.500000 0.000000 0 1 0 1 0 0 0.000000 0.250000 0 0 0 0 0 0.000000 0.000000 0.000000 0.000000 0.000000 0.000000 0.000000 0.000000 0.000000 0 0.000000 0 0 0.500000 1 0 0.510638 1 0
0 0.000000 0.000000 1 1 0 0 1 0 1 0 0.032020 0.049242 0.000000 0.033333 0.000000 0 1 0 1 0 0 0.000000 0.250000 0 0 0 0 0 0.000000 0.000000 0.000000 0.000000 0.000000 0.000000 0.000000 0.200000 0.000000 0 0.000000 0 0 0.166667 1 0 0.255319 1 0
0 1.000000 0.500000 1 0 0 1 1 0 1 0 0.086207 0.090909 0.833333 0.013889 0.000000 0 1 0 1 0 0 0.000000 0.000000 1 1 1 1 1 0.250000 0.500000 0.250000 0.333333 0.000000 0.333333 0.250000 0.200000 0.800000 0 0.285714 0 0 0.333333 1 1 0.234043 1 0
0 0.000000 0.000000 1 0 0 1 1 1 0 0 0.263547 0.000000 0.833333 0.050000 0.588235 1 0 0 1 0 0 0.500000 0.250000 1 1 1 1 1 0.000000 1.000000 0.750000 0.333333 0.333333 0.000000 0.500000 0.200000 0.000000 0 0.428571 0 0 0.333333 1 1 0.276596 1 0
0 0.000000 0.500000 1 0 0 1 1 0 1 0 0.027094 0.545455 0.833333 0.066667 0.000000 1 0 0 1 0 0 1.000000 0.250000 1 1 1 1 1 0.000000 0.000000 0.000000 0.000000 0.000000 0.000000 0.000000 0.000000 0.000000 0 0.142857 0 0 0.166667 1 1 0.531915 1 0
0 1.000000 0.500000 1 1 0 0 1 1 0 0 0.145320 0.000000 0.000000 0.366667 0.000000 1 0 0 1 0 0 0.000000 0.500000 0 0 0 0 0 0.000000 0.000000 0.000000 0.333333 0.000000 0.000000 0.250000 0.000000 0.000000 0 0.142857 0 0 0.500000 1 0 0.212766 1 0
0 0.000000 0.000000 1 1 0 0 1 1 0 0 0.017241 0.181818 0.000000 0.055556 0.000000 1 0 0 1 0 0 0.000000 0.250000 0 0 0 0 0 0.000000 0.000000 0.000000 0.000000 0.000000 0.333333 0.000000 0.000000 0.400000 0 0.142857 0 0 0.833333 1 0 0.106383 1 0
0 0.000000 0.000000 1 1 0 0 1 0 1 0 0.004926 0.113636 0.000000 0.066667 0.000000 0 1 0 1 0 0 0.000000 0.000000 0 0 0 0 0 0.000000 0.000000 0.000000 0.000000 0.000000 0.000000 0.000000 0.000000 0.000000 0 0.000000 0 0 0.166667 1 0 0.170213 1 0
0 0.000000 0.000000 1 0 1 0 1 0 1 0 0.071429 0.045455 0.000000 0.216667 0.000000 1 0 0 1 0 0 0.000000 0.000000 0 0 0 0 0 0.000000 1.000000 0.750000 0.333333 0.333333 0.000000 0.750000 0.200000 0.000000 0 0.428571 0 0 0.500000 1 0 0.425532 1 0
0 0.000000 0.000000 1 1 0 0 1 1 0 0 0.022167 0.181818 0.000000 0.266667 0.000000 0 1 0 1 0 0 0.000000 0.250000 0 0 0 0 0 0.000000 0.500000 1.000000 0.666667 0.666667 1.000000 0.500000 0.400000 0.800000 0 1.000000 0 0 0.833333 1 0 0.297872 1 0
0 0.430838 0.500000 1 1 0 0 1 1 0 0 0.500000 0.000000 0.000000 0.333333 0.000000 1 0 0 1 0 0 0.000000 0.000000 0 0 0 0 0 0.000000 0.000000 0.000000 0.333333 0.000000 0.000000 0.250000 0.000000 0.000000 0 0.142857 0 0 0.166667 1 0 0.638298 1 0
0 0.000000 0.000000 1 1 0 0 1 0 1 0 0.044335 0.022727 0.000000 0.038889 0.000000 1 0 0 1 0 0 0.000000 0.000000 0 0 0 0 0 0.000000 0.000000 0.000000 0.000000 0.333333 0.000000 0.000000 0.200000 0.000000 0 0.142857 0 0 0.166667 1 0 0.085106 1 0
0 0.000000 0.000000 1 1 0 0 0 1 0 1 0.266010 0.000000 0.000000 0.400000 0.000000 1 0 0 1 0 0 0.000000 0.000000 0 0 0 0 0 0.250000 0.500000 0.500000 0.333333 0.000000 0.333333 0.250000 0.000000 0.200000 0 0.285714 0 0 0.833333 1 0 0.765957 1 0
0 0.000000 0.000000 1 1 0 0 1 0 1 0 0.039409 0.045455 0.000000 0.047222 0.000000 1 0 0 1 0 0 0.000000 0.000000 0 0 0 0 0 0.000000 0.000000 0.250000 0.000000 0.000000 0.333333 0.000000 0.000000 0.200000 0 0.142857 0 0 0.166667 1 0 0.297872 1 0
0 0.000000 0.000000 0 1 1 0 1 1 0 0 0.059113 0.462121 0.000000 0.002778 0.000000 1 0 0 1 0 0 0.000000 0.000000 0 0 0 0 0 0.000000 0.000000 0.000000 0.000000 0.000000 0.000000 0.000000 0.000000 0.000000 0 0.000000 0 0 0.333333 1 0 0.319149 1 0
0 0.000000 0.000000 1 1 0 0 1 1 0 0 0.086207 0.000000 0.000000 0.200000 0.000000 1 0 0 1 0 0 0.000000 0.750000 0 0 0 0 0 0.000000 0.000000 0.250000 0.333333 0.333333 0.000000 0.250000 0.200000 0.800000 0 0.285714 0 0 0.166667 1 0 0.276596 1 0
0 0.000000 0.000000 1 0 0 1 1 0 0 1 0.017241 0.049242 0.000000 0.050000 0.000000 1 0 0 1 0 0 0.000000 0.750000 0 0 0 0 0 0.000000 0.000000 0.000000 0.000000 0.000000 0.000000 0.250000 0.000000 0.000000 0 0.000000 0 0 0.500000 1 0 0.361702 1 0
0 0.000000 0.000000 1 1 0 0 1 1 0 0 0.233990 0.000000 0.000000 0.066667 0.000000 0 1 0 1 0 0 0.000000 0.500000 0 0 0 0 0 0.250000 0.500000 0.250000 0.333333 0.000000 0.000000 0.250000 0.000000 0.000000 0 0.142857 0 0 0.166667 1 0 0.382979 1 0
0 0.000000 0.000000 1 1 0 0 1 0 1 0 0.012315 0.090909 0.000000 0.016667 0.000000 1 0 0 1 0 0 0.000000 0.000000 0 0 0 0 0 0.000000 0.500000 0.250000 0.000000 0.333333 0.000000 0.000000 0.400000 0.000000 0 0.142857 0 0 0.166667 1 0 0.191489 1 0
0 0.000000 0.000000 1 0 1 0 1 0 1 0 0.115764 0.000000 0.000000 0.080556 0.000000 1 0 0 1 0 0 0.000000 0.000000 0 0 0 0 0 0.000000 0.000000 1.000000 1.000000 0.000000 0.000000 1.000000 0.400000 0.000000 0 0.714286 0 0 0.500000 1 0 0.042553 1 0
0 0.000000 0.000000 1 0 1 0 0 1 1 0 0.216749 0.018939 0.000000 0.027778 0.000000 1 0 0 1 0 0 0.000000 0.000000 0 0 0 0 0 0.000000 0.000000 0.000000 0.000000 0.000000 0.000000 0.000000 0.000000 0.000000 0 0.000000 0 0 0.166667 1 0 0.085106 1 0
0 0.000000 0.000000 1 1 0 0 0 1 1 0 0.295567 0.000000 0.555556 0.086111 0.000000 1 0 0 1 0 0 0.500000 0.000000 1 1 1 1 1 0.000000 0.000000 0.750000 0.333333 0.333333 0.333333 0.750000 0.600000 0.200000 0 0.428571 0 0 0.333333 1 1 0.000000 1 0
0 0.000000 0.000000 1 0 1 0 1 1 0 0 0.039409 1.000000 0.000000 0.052778 0.000000 1 0 0 1 0 0 0.000000 0.000000 0 0 0 0 0 0.000000 0.000000 0.000000 0.000000 0.000000 0.000000 0.000000 0.000000 0.000000 0 0.000000 0 0 0.166667 1 0 0.212766 1 0
0 0.000000 0.000000 1 1 0 0 0 1 1 0 0.071429 0.045455 0.000000 0.091667 0.000000 1 0 0 1 0 0 0.000000 0.750000 0 0 0 0 0 0.000000 0.000000 0.000000 0.000000 0.000000 0.000000 0.000000 0.000000 0.000000 0 0.000000 0 0 0.500000 1 0 0.531915 1 0
0 0.000000 0.000000 0 1 1 0 1 0 0 1 0.295567 0.003788 0.000000 0.005556 0.000000 0 1 0 1 0 0 0.000000 0.250000 0 0 0 0 0 0.000000 0.000000 0.000000 0.000000 0.000000 0.000000 0.000000 0.000000 0.000000 0 0.000000 0 0 0.500000 1 0 0.574468 1 0
0 0.000000 0.000000 1 1 0 0 1 0 1 0 0.000000 0.227273 0.000000 0.002778 0.000000 1 0 0 1 0 0 0.000000 0.000000 0 0 0 0 0 0.000000 0.000000 0.000000 0.000000 0.000000 0.000000 0.000000 0.000000 0.200000 0 0.000000 0 0 0.500000 1 0 0.531915 1 0
0 0.130887 0.500000 1 1 0 0 1 0 1 0 0.086207 0.000000 0.000000 0.000000 0.000000 1 0 0 0 1 0 0.000000 0.500000 0 0 0 0 0 0.000000 0.000000 0.500000 0.000000 0.000000 0.666667 0.000000 0.000000 0.400000 0 0.285714 0 0 0.166667 1 0 0.404255 1 0
0 0.000000 0.000000 1 0 0 1 1 0 1 0 0.041872 0.109848 0.000000 0.016667 0.000000 1 0 0 1 0 0 0.000000 0.500000 0 0 0 0 0 0.000000 0.000000 0.250000 0.000000 0.000000 0.333333 0.000000 0.000000 1.000000 0 0.142857 0 0 0.500000 1 0 0.297872 1 0
0 0.000000 0.000000 1 1 0 0 1 1 0 0 0.071429 0.090909 0.000000 0.050000 0.000000 1 0 0 1 0 0 0.000000 0.500000 0 0 0 0 0 0.000000 0.000000 0.250000 0.333333 0.000000 0.000000 0.250000 0.000000 0.000000 0 0.142857 0 0 0.500000 1 0 0.382979 1 0
0 0.000000 0.000000 1 0 1 0 1 1 0 0 0.352217 0.000000 0.555556 0.386111 0.000000 1 0 0 1 0 0 1.000000 0.250000 0 0 1 0 0 0.000000 0.000000 0.000000 0.000000 0.000000 0.000000 0.000000 0.200000 0.200000 0 0.000000 0 0 0.500000 1 1 0.553191 1 0
0 0.000000 0.000000 1 1 0 0 1 1 0 0 0.086207 0.000000 0.000000 0.100000 0.000000 0 1 0 1 0 0 0.000000 0.500000 0 0 0 0 0 0.000000 0.000000 0.000000 0.000000 0.000000 0.000000 0.000000 0.000000 0.000000 0 0.000000 0 0 0.000000 1 0 0.446809 1 0
0 0.000000 0.000000 1 0 1 0 1 0 0 1 0.034483 0.068182 0.000000 0.111111 0.000000 0 1 0 1 0 0 0.000000 0.000000 0 0 0 0 0 0.000000 0.000000 0.000000 0.000000 0.000000 0.000000 0.000000 0.000000 0.800000 0 0.000000 0 0 0.500000 1 0 0.148936 1 0
0 0.000000 0.000000 1 0 0 1 1 0 1 0 0.002463 0.045455 0.000000 0.116667 0.000000 1 0 0 1 0 0 0.000000 0.000000 0 0 0 0 0 0.000000 0.000000 0.000000 0.000000 0.000000 0.000000 0.000000 0.000000 0.000000 0 0.000000 0 0 0.500000 1 0 0.042553 1 0
0 0.000000 0.000000 1 0 1 0 1 0 1 0 0.007389 0.045455 0.000000 0.011111 0.000000 1 0 0 1 0 0 0.000000 0.000000 0 0 0 0 0 0.000000 0.000000 0.000000 0.000000 0.000000 0.000000 0.000000 0.200000 0.000000 0 0.142857 0 0 0.500000 0 0 0.127660 1 0
0 0.000000 0.000000 1 1 0 0 1 0 1 0 0.086207 0.000000 0.000000 0.016667 0.000000 1 0 0 1 0 0 0.000000 0.000000 0 0 0 0 0 0.000000 0.000000 0.000000 0.000000 0.000000 0.000000 0.000000 0.000000 0.000000 0 0.000000 0 0 0.500000 1 0 0.255319 1 0
0 0.000000 0.000000 1 0 0 1 1 0 0 1 0.088670 0.003788 0.000000 0.416667 0.000000 0 1 0 1 0 0 0.000000 0.000000 0 0 0 0 0 0.000000 0.000000 0.000000 0.000000 0.000000 0.000000 0.000000 0.000000 0.000000 0 0.000000 0 0 0.166667 1 0 0.936170 1 0
0 0.000000 0.000000 1 1 0 0 0 1 1 0 0.647783 0.000000 0.833333 0.016667 0.352941 1 0 0 1 0 0 0.000000 0.000000 1 1 1 1 1 0.000000 0.500000 0.250000 0.000000 0.000000 0.333333 0.000000 0.000000 0.200000 0 0.142857 0 0 0.333333 1 1 0.063830 1 0
0 0.000000 0.000000 1 1 0 0 1 0 0 1 0.014778 0.049242 0.000000 0.105556 0.000000 0 1 0 1 0 0 0.000000 0.000000 0 0 0 0 0 0.000000 0.500000 1.000000 0.000000 0.333333 1.000000 0.000000 0.200000 0.800000 0 0.714286 0 0 0.166667 1 0 0.340426 1 0
0 0.000000 0.000000 1 0 1 0 1 1 0 0 0.332512 0.000000 0.833333 0.166667 1.000000 0 1 0 1 0 0 1.000000 0.000000 0 0 0 1 0 0.000000 0.500000 0.250000 0.000000 0.000000 0.000000 0.250000 0.000000 0.000000 0 0.142857 0 0 0.833333 1 1 0.553191 1 0
0 0.000000 0.000000 1 1 0 0 1 1 0 0 0.012315 0.234848 0.000000 0.102778 0.000000 0 1 0 1 0 0 0.000000 0.500000 0 0 0 0 0 0.000000 0.000000 0.500000 0.000000 0.000000 1.000000 0.000000 0.000000 1.000000 0 0.714286 0 0 0.333333 1 0 0.212766 1 0
0 0.000000 0.000000 1 1 0 0 1 1 0 0 0.071429 0.106061 0.000000 0.205556 0.000000 0 1 0 1 0 0 0.000000 0.000000 0 0 0 0 0 0.000000 0.000000 0.000000 0.000000 0.000000 0.333333 0.250000 0.000000 0.200000 0 0.142857 0 0 1.000000 1 0 0.106383 1 0
0 0.000000 0.000000 1 0 0 1 1 1 0 0 0.115764 0.000000 0.000000 0.133333 0.000000 1 0 0 1 0 0 0.000000 0.500000 0 0 0 0 0 0.000000 0.000000 0.250000 0.000000 0.333333 0.000000 0.250000 0.400000 0.000000 0 0.142857 0 0 1.000000 1 0 0.276596 1 0
1 1.000000 0.500000 1 0 0 1 1 1 0 0 0.041872 0.681818 0.833333 0.108333 0.294118 1 0 0 1 0 0 0.500000 0.000000 1 1 1 1 1 0.000000 0.000000 0.000000 0.333333 0.000000 0.000000 0.250000 0.800000 0.400000 0 0.142857 0 0 0.166667 1 1 0.255319 1 0
0 0.000000 0.000000 1 0 0 1 1 1 0 0 0.032020 0.090909 0.000000 0.066667 0.000000 1 0 0 1 0 0 0.000000 0.000000 0 0 0 0 0 0.000000 0.000000 0.750000 0.000000 0.000000 1.000000 0.000000 0.000000 0.800000 0 0.571429 0 0 0.833333 1 0 0.276596 1 0
0 0.000000 0.000000 1 1 0 0 1 0 1 0 0.295567 0.003788 0.000000 0.669444 0.000000 1 0 0 1 0 0 0.000000 0.500000 0 0 0 0 0 0.000000 0.000000 0.000000 0.000000 0.000000 0.000000 0.500000 0.200000 0.000000 0 0.000000 0 0 0.000000 1 0 0.446809 1 0
0 0.317799 0.500000 1 1 0 0 1 1 0 0 0.618227 0.000000 0.000000 0.100000 0.000000 1 0 0 1 0 0 0.000000 0.000000 0 0 0 0 0 0.000000 0.000000 0.000000 0.333333 0.000000 0.000000 0.250000 0.200000 0.000000 0 0.142857 0 0 1.000000 1 0 0.702128 1 0
0 0.000000 0.000000 1 0 0 1 1 0 1 0 0.012315 0.090909 0.000000 0.011111 0.000000 1 0 0 1 0 0 0.000000 0.000000 0 0 0 0 0 0.000000 0.000000 0.000000 0.000000 0.000000 0.000000 0.000000 0.000000 0.200000 0 0.000000 0 0 0.666667 1 0 0.106383 1 0
0 0.000000 0.000000 1 1 0 0 1 0 0 1 0.110837 0.045455 0.000000 0.166667 0.000000 1 0 0 1 0 0 0.000000 0.000000 0 0 0 0 0 0.000000 0.000000 0.000000 0.000000 0.000000 0.000000 0.000000 0.000000 0.200000 0 0.000000 0 0 0.833333 0 0 0.361702 1 0
0 0.000000 0.000000 1 0 1 0 0 1 1 0 0.352217 0.000000 0.000000 0.033333 0.000000 1 0 0 1 0 0 0.000000 0.000000 0 0 0 0 0 0.000000 0.000000 0.000000 0.000000 0.000000 0.000000 0.250000 0.000000 0.000000 0 0.000000 0 0 0.333333 1 0 0.063830 1 0
0 0.000000 0.000000 1 1 0 0 1 1 0 0 0.086207 0.000000 0.000000 0.200000 0.000000 0 1 0 1 0 0 0.000000 0.750000 0 0 0 0 0 0.000000 0.000000 0.000000 0.000000 0.000000 0.000000 0.250000 0.000000 0.600000 0 0.000000 0 0 0.333333 1 0 0.361702 1 0
0 0.000000 0.000000 1 1 0 0 1 0 1 0 0.000000 0.090909 0.000000 0.066667 0.000000 1 0 0 1 0 0 0.000000 0.000000 0 0 0 0 0 0.000000 0.000000 0.000000 0.000000 0.000000 0.000000 0.000000 0.000000 0.000000 0 0.000000 0 0 0.500000 1 0 0.489362 1 0
0 0.000000 0.000000 1 1 0 0 1 0 1 0 0.056650 0.227273 0.000000 0.077778 0.000000 1 0 0 1 0 0 0.000000 0.250000 0 0 0 0 0 0.000000 0.000000 0.000000 0.333333 0.000000 0.000000 0.250000 0.200000 0.000000 0 0.285714 0 0 0.500000 1 0 0.489362 1 0
0 0.000000 0.000000 1 1 0 0 1 0 0 1 0.086207 0.000000 0.000000 0.055556 0.000000 0 1 0 1 0 0 0.000000 0.000000 0 0 0 0 0 0.000000 0.000000 0.000000 0.000000 0.000000 0.000000 0.000000 0.000000 0.000000 0 0.000000 0 0 0.166667 1 0 0.574468 1 0
0 0.000000 0.000000 1 0 1 0 1 0 0 1 0.123153 0.011364 0.000000 0.022222 0.000000 1 0 0 1 0 0 0.000000 0.000000 0 0 0 0 0 0.000000 0.000000 0.000000 0.000000 0.000000 1.000000 0.000000 0.000000 0.600000 0 0.428571 0 0 0.166667 1 0 0.106383 1 0
0 0.000000 0.000000 1 1 0 0 1 1 0 0 0.145320 0.000000 0.000000 0.038889 0.000000 0 1 0 1 0 0 0.000000 0.500000 0 0 0 0 0 0.000000 0.000000 0.000000 0.000000 0.000000 0.000000 0.000000 0.000000 0.000000 0 0.000000 0 0 0.500000 1 0 0.489362 1 0
0 0.000000 0.000000 1 1 0 0 1 1 0 0 0.411330 0.000000 0.000000 0.266667 0.000000 0 1 0 1 0 0 0.000000 0.250000 0 0 0 0 0 0.000000 0.000000 0.000000 0.000000 0.000000 0.000000 0.000000 0.000000 0.000000 0 0.000000 0 0 0.166667 1 0 0.510638 1 0
0 0.000000 0.000000 0 1 1 0 1 1 0 0 0.413793 0.003788 0.000000 0.050000 0.000000 1 0 0 1 0 0 0.000000 0.250000 0 0 0 0 0 0.000000 0.000000 0.250000 0.000000 0.666667 0.000000 0.000000 0.400000 0.000000 0 0.285714 0 0 0.333333 1 0 0.531915 1 0
0 0.000000 0.000000 1 1 0 0 1 0 1 0 0.012315 1.000000 0.000000 0.133333 0.000000 1 0 0 1 0 0 0.000000 0.000000 0 0 0 0 0 0.000000 0.000000 0.250000 0.000000 0.000000 0.666667 0.000000 0.000000 0.400000 0 0.285714 0 0 0.166667 1 0 0.148936 1 0
0 0.000000 0.000000 1 1 0 0 1 1 0 0 0.145320 0.000000 0.000000 0.300000 0.000000 0 1 0 1 0 0 0.000000 0.250000 0 0 0 0 0 0.000000 0.000000 0.000000 0.000000 0.000000 0.000000 0.250000 0.000000 0.000000 0 0.000000 0 0 0.333333 1 0 0.574468 1 0
0 0.000000 0.000000 1 1 0 0 1 1 0 0 0.293103 0.000000 0.000000 0.333333 0.000000 1 0 0 1 0 0 0.000000 0.000000 0 0 0 0 0 0.000000 0.000000 0.000000 0.000000 0.000000 0.000000 0.000000 0.200000 0.000000 0 0.000000 0 0 0.166667 1 0 0.638298 1 0
0 0.000000 0.000000 1 0 0 1 1 1 0 0 0.352217 0.000000 0.833333 0.627778 0.000000 0 1 0 0 1 0 0.000000 0.750000 1 1 1 1 1 0.000000 0.000000 0.000000 0.000000 0.000000 0.000000 0.000000 0.000000 0.000000 0 0.000000 0 0 0.500000 1 1 0.446809 1 0
0 0.000000 0.000000 1 0 0 1 1 1 0 0 0.000000 0.022727 0.833333 0.016667 1.000000 1 0 0 1 0 0 0.500000 0.500000 1 1 1 1 1 0.000000 0.000000 0.500000 0.000000 0.000000 0.666667 0.000000 0.200000 0.400000 0 0.285714 0 0 0.833333 1 1 0.361702 1 0
0 0.000000 0.000000 1 0 0 1 1 0 1 0 0.118227 0.003788 0.000000 0.402778 0.000000 1 0 0 1 0 0 0.000000 0.500000 0 0 0 0 0 0.000000 0.000000 0.000000 0.333333 0.000000 0.000000 0.250000 0.000000 0.000000 0 0.142857 0 0 0.333333 1 0 0.212766 1 0
0 0.000000 0.000000 1 0 1 0 1 0 1 0 0.007389 0.227273 0.000000 0.011111 0.000000 1 0 0 1 0 0 0.000000 0.000000 0 0 0 0 0 0.250000 1.000000 0.750000 0.000000 0.000000 1.000000 0.000000 0.000000 0.600000 0 0.428571 0 0 0.166667 1 0 0.489362 1 0
0 0.000000 0.000000 1 0 1 0 1 0 1 0 0.012315 0.954545 0.000000 0.016667 0.000000 1 0 0 1 0 0 0.000000 0.000000 0 0 0 0 0 0.000000 0.000000 0.000000 0.000000 0.000000 0.000000 0.000000 0.200000 0.000000 0 0.000000 0 0 0.333333 1 0 0.063830 1 0
0 0.000000 0.000000 1 0 0 1 1 0 1 0 0.056650 0.090909 0.000000 0.036111 0.000000 1 0 0 1 0 0 0.000000 0.000000 0 0 0 0 0 0.000000 0.500000 0.500000 0.000000 0.333333 0.333333 0.000000 0.200000 0.200000 0 0.285714 0 0 0.500000 1 0 0.276596 1 0
0 0.000000 0.000000 1 1 0 0 1 1 0 0 0.263547 0.000000 0.000000 0.266667 0.000000 1 0 0 1 0 0 0.000000 0.250000 0 0 0 0 0 0.000000 0.000000 0.000000 0.000000 0.000000 0.000000 0.000000 0.000000 0.000000 0 0.000000 0 0 0.166667 1 0 0.489362 1 0
0 0.000000 0.000000 1 0 0 1 1 0 1 0 0.007389 0.049242 0.000000 0.044444 0.000000 1 0 0 1 0 0 0.000000 0.750000 0 0 0 0 0 0.000000 0.500000 0.500000 0.333333 0.333333 0.000000 0.250000 0.200000 0.600000 0 0.285714 0 0 0.166667 1 0 0.340426 1 0
0 0.000000 0.000000 1 1 0 0 1 0 1 0 0.004926 0.060606 0.000000 0.008333 0.000000 1 0 0 1 0 0 0.000000 0.000000 0 0 0 0 0 0.000000 0.000000 0.500000 0.333333 0.000000 0.666667 0.250000 0.000000 0.400000 0 0.571429 0 0 0.333333 1 0 0.255319 1 0
0 0.000000 0.000000 1 1 0 0 1 0 1 0 0.007389 0.094697 0.000000 0.011111 0.000000 1 0 0 1 0 0 0.000000 0.000000 0 0 0 0 0 0.000000 0.000000 0.000000 0.000000 0.000000 0.000000 0.000000 0.000000 0.000000 0 0.000000 0 0 1.000000 1 0 0.531915 1 0
0 0.000000 0.500000 1 0 0 1 1 0 1 0 0.014778 0.136364 0.277778 0.013889 0.647059 1 0 0 1 0 0 0.500000 0.000000 0 0 0 1 0 0.000000 0.000000 0.000000 0.333333 0.000000 0.000000 0.250000 0.000000 0.000000 0 0.142857 0 0 0.500000 1 1 0.212766 1 0
0 0.000000 0.000000 1 1 0 0 1 1 0 0 0.000000 0.318182 0.277778 0.083333 0.745098 1 0 0 1 0 0 1.000000 0.000000 1 1 1 1 1 0.000000 0.000000 0.750000 0.333333 0.000000 0.666667 0.250000 0.000000 0.400000 0 0.428571 0 0 0.166667 1 1 0.425532 1 0
0 0.000000 0.000000 1 1 0 0 1 1 0 0 0.115764 0.000000 0.000000 0.050000 0.000000 0 1 0 1 0 0 0.000000 1.000000 0 0 0 0 0 0.000000 0.500000 0.500000 0.000000 0.333333 1.000000 0.250000 0.200000 0.600000 0 0.571429 0 0 0.166667 1 0 0.234043 1 0
0 0.000000 0.000000 1 1 0 0 1 1 0 0 0.019704 0.193182 0.000000 0.000000 0.000000 1 0 0 1 0 0 0.000000 0.000000 0 0 0 0 0 0.000000 0.000000 0.000000 0.000000 0.000000 0.000000 0.000000 0.000000 0.200000 0 0.000000 0 0 0.000000 1 0 1.000000 1 0
0 0.000000 0.000000 1 0 0 1 1 0 1 0 0.004926 0.181818 0.000000 0.011111 0.000000 1 0 0 1 0 0 0.000000 0.500000 0 0 0 0 0 0.000000 0.000000 0.000000 0.000000 0.000000 0.000000 0.000000 0.000000 0.000000 0 0.000000 0 0 0.166667 1 0 0.212766 1 0
0 0.000000 0.000000 1 0 1 0 0 1 1 0 0.588670 0.000000 0.000000 0.133333 0.000000 0 1 0 1 0 0 0.000000 0.000000 0 0 0 0 0 0.000000 0.000000 0.000000 0.000000 0.000000 0.000000 0.000000 0.000000 0.000000 0 0.000000 0 0 0.166667 1 0 0.021277 1 0
0 0.000000 0.000000 1 1 0 0 1 1 0 0 0.029557 0.231061 0.000000 0.472222 0.000000 1 0 0 1 0 0 0.000000 0.500000 0 0 0 0 0 0.000000 0.000000 0.000000 0.000000 0.000000 0.000000 0.000000 0.000000 0.000000 0 0.000000 0 0 0.333333 1 0 0.276596 1 0
0 0.000000 0.000000 1 0 0 1 1 0 1 0 0.002463 0.090909 0.000000 0.133333 0.000000 1 0 0 1 0 0 0.000000 0.000000 0 0 0 0 0 0.000000 0.000000 0.250000 0.000000 0.333333 0.000000 0.000000 0.200000 0.200000 0 0.142857 0 0 0.500000 1 0 0.063830 1 0
0 0.000000 0.000000 1 0 1 0 1 0 1 0 0.017241 0.022727 0.000000 0.033333 0.000000 1 0 0 1 0 0 0.000000 0.000000 0 0 0 0 0 0.000000 0.000000 0.000000 0.000000 0.000000 0.000000 0.000000 0.000000 0.000000 0 0.000000 0 0 0.500000 1 0 0.276596 1 0
0 0.000000 0.500000 1 0 0 1 1 1 0 0 0.027094 0.363636 0.833333 0.041667 1.000000 1 0 0 1 0 0 0.500000 0.000000 1 1 1 1 1 0.000000 0.000000 0.000000 0.000000 0.000000 0.000000 0.000000 0.000000 0.000000 0 0.000000 0 0 0.166667 1 1 0.148936 1 0
0 1.000000 0.500000 1 0 1 0 1 0 1 0 0.012315 0.053030 0.000000 0.133333 0.000000 1 0 0 1 0 0 0.000000 0.000000 0 0 0 0 0 0.000000 0.000000 0.000000 0.333333 0.000000 0.000000 0.250000 0.000000 0.000000 0 0.142857 0 0 0.500000 1 0 0.063830 1 0
0 0.000000 0.000000 1 0 1 0 1 0 1 0 0.041872 0.318182 0.000000 0.008333 0.000000 1 0 0 1 0 0 0.000000 0.000000 0 0 0 0 0 0.000000 0.000000 0.000000 0.000000 0.000000 0.000000 0.250000 0.000000 0.000000 0 0.000000 0 0 0.333333 1 0 0.085106 1 0
0 0.000000 0.000000 1 0 0 1 1 0 1 0 0.019704 0.068182 0.000000 0.066667 0.000000 1 0 0 1 0 0 0.000000 0.000000 0 0 0 0 0 0.000000 0.000000 0.000000 0.000000 0.000000 0.000000 0.250000 0.400000 0.000000 0 0.142857 0 0 0.166667 1 0 0.127660 1 0
0 0.000000 0.000000 1 0 1 0 1 1 0 0 0.056650 0.272727 0.000000 0.100000 0.000000 1 0 0 1 0 0 0.000000 0.000000 0 0 0 0 0 0.000000 0.000000 0.000000 0.000000 0.000000 1.000000 0.000000 0.000000 0.600000 0 0.571429 0 0 0.166667 1 0 0.170213 1 0
0 0.000000 0.000000 1 0 1 0 1 0 1 0 0.056650 0.090909 0.000000 0.008333 0.000000 1 0 0 0 1 0 0.000000 0.000000 0 0 0 0 0 0.000000 0.000000 0.000000 0.000000 0.000000 0.000000 0.000000 0.000000 0.000000 0 0.000000 0 0 0.500000 1 0 0.106383 1 0
0 0.000000 0.000000 1 0 0 1 1 1 0 0 0.086207 0.000000 0.000000 0.050000 0.000000 1 0 0 1 0 0 0.000000 0.500000 0 0 0 0 0 0.000000 0.000000 0.000000 0.333333 0.000000 0.000000 0.250000 0.000000 0.000000 0 0.142857 0 0 0.500000 1 0 0.425532 1 0
0 0.000000 0.000000 1 1 0 0 1 1 0 0 0.041872 0.022727 0.000000 0.022222 0.000000 1 0 0 1 0 0 0.000000 0.750000 0 0 0 0 0 0.000000 0.000000 0.000000 0.000000 0.333333 0.333333 0.250000 0.200000 0.400000 0 0.285714 0 0 0.500000 1 0 0.191489 1 0
0 0.000000 0.000000 1 1 0 0 1 1 0 0 0.322660 0.000000 0.000000 0.266667 0.000000 0 1 0 0 1 0 0.000000 0.250000 0 0 0 0 0 0.000000 0.000000 0.250000 0.000000 0.000000 0.000000 0.000000 0.000000 0.000000 0 0.142857 0 0 0.500000 1 0 0.234043 1 0
0 0.000000 0.000000 1 1 0 0 1 0 1 0 0.096059 0.015152 0.000000 0.116667 0.000000 1 0 0 1 0 0 0.000000 0.250000 0 0 0 0 0 0.000000 0.000000 0.000000 0.000000 0.000000 0.000000 0.000000 0.000000 0.000000 0 0.000000 0 0 0.500000 1 0 0.127660 1 0
0 0.000000 0.000000 1 0 0 1 1 0 1 0 0.000000 0.068182 0.000000 0.066667 0.000000 1 0 0 1 0 0 0.000000 0.500000 0 0 0 0 0 0.000000 0.000000 0.000000 0.333333 0.000000 0.000000 0.250000 0.000000 0.000000 0 0.142857 0 0 0.500000 1 0 0.297872 1 0
0 0.000000 0.000000 1 1 0 0 1 1 0 0 0.322660 0.000000 0.000000 0.050000 0.000000 1 0 0 1 0 0 0.000000 0.000000 0 0 0 0 0 0.000000 0.000000 0.000000 0.000000 0.000000 0.333333 0.000000 0.000000 0.200000 0 0.142857 0 0 0.500000 1 0 0.702128 1 0
0 0.000000 0.000000 1 0 0 1 1 0 1 0 0.012315 0.136364 0.000000 0.002778 0.000000 1 0 0 1 0 0 0.000000 0.000000 0 0 0 0 0 0.250000 0.500000 0.500000 1.000000 0.000000 0.000000 0.750000 0.000000 0.000000 0 0.428571 0 0 0.500000 1 0 0.723404 1 0
0 0.000000 0.000000 1 1 0 0 1 1 0 0 0.115764 0.000000 0.000000 0.100000 0.000000 0 1 0 1 0 0 0.000000 0.000000 0 0 0 0 0 0.250000 0.500000 0.250000 0.333333 0.000000 0.333333 0.500000 0.000000 0.200000 0 0.285714 0 0 0.166667 1 0 0.276596 1 0
0 0.000000 0.000000 1 0 1 0 1 1 0 0 0.000000 0.295455 0.000000 0.050000 0.000000 1 0 0 1 0 0 0.000000 0.000000 0 0 0 0 0 0.000000 0.000000 0.250000 0.000000 0.000000 0.333333 0.250000 0.000000 0.200000 0 0.142857 0 0 0.500000 1 0 0.106383 1 0
0 1.000000 0.500000 1 1 0 0 1 1 0 0 0.352217 0.000000 0.000000 0.338889 0.000000 1 0 0 1 0 0 0.000000 0.750000 0 0 0 0 0 0.250000 0.500000 0.500000 0.000000 0.666667 0.000000 0.000000 0.600000 0.000000 0 0.285714 0 0 0.500000 1 0 0.680851 1 0
0 0.000000 0.000000 1 0 0 1 0 1 1 0 0.588670 0.000000 0.000000 0.019444 0.000000 1 0 0 1 0 0 0.000000 0.000000 0 0 0 0 0 0.000000 0.500000 0.750000 0.000000 0.000000 1.000000 0.000000 0.000000 0.600000 0 0.428571 0 0 0.166667 1 0 0.170213 1 0
0 0.000000 0.000000 1 0 0 1 1 0 1 0 0.007389 0.068182 0.833333 0.091667 1.000000 1 0 0 1 0 0 0.000000 0.000000 1 1 1 1 1 0.000000 0.000000 0.000000 0.000000 0.000000 0.000000 0.000000 0.000000 0.000000 0 0.000000 0 0 1.000000 1 1 0.702128 1 0
0 0.000000 0.000000 1 0 1 0 1 0 1 0 0.000000 0.090909 0.000000 0.066667 0.000000 1 0 0 1 0 0 0.000000 0.000000 0 0 0 0 0 0.250000 0.500000 0.250000 0.333333 0.000000 0.333333 0.250000 0.000000 0.200000 0 0.285714 0 0 1.000000 1 0 0.425532 1 0
0 0.000000 0.000000 1 0 0 1 1 1 0 0 0.029557 1.000000 0.000000 0.216667 0.000000 1 0 0 1 0 0 0.000000 0.000000 0 0 0 0 0 0.000000 0.000000 0.250000 0.333333 0.000000 0.000000 0.250000 0.000000 0.000000 0 0.142857 0 0 0.333333 1 0 0.276596 1 0
0 0.000000 0.000000 1 1 0 0 1 0 1 0 0.000000 125.000000 0.000000 0.069444 0.000000 0 1 0 1 0 0 0.000000 0.750000 0 0 0 0 0 0.000000 0.000000 0.000000 0.000000 0.000000 0.000000 0.000000 0.000000 0.000000 0 0.000000 0 0 0.500000 1 0 0.425532 1 0
0 0.000000 0.000000 1 0 1 0 1 0 1 0 0.000000 0.045455 0.000000 0.091667 0.000000 1 0 0 1 0 0 0.000000 0.000000 0 0 0 0 0 0.000000 0.000000 0.000000 0.000000 0.000000 0.000000 0.250000 0.200000 0.000000 0 0.000000 0 0 1.000000 1 0 0.191489 1 0
0 0.000000 0.000000 1 0 0 1 0 1 1 0 0.000000 0.727273 0.000000 0.266667 0.000000 1 0 0 1 0 0 0.000000 0.000000 0 0 0 0 0 0.000000 1.000000 0.500000 0.000000 0.000000 0.666667 0.000000 0.000000 0.400000 0 0.285714 0 0 0.166667 1 0 0.106383 1 0
0 0.000000 0.000000 1 0 0 1 1 0 1 0 0.034483 0.015152 0.000000 0.019444 0.000000 1 0 0 1 0 0 0.000000 0.000000 0 0 0 0 0 0.000000 0.000000 0.000000 0.000000 0.000000 0.000000 0.000000 0.000000 0.000000 0 0.000000 0 0 0.333333 1 0 0.297872 1 0
0 0.000000 0.000000 1 1 0 0 1 0 1 0 0.416256 0.000000 0.833333 0.144444 1.000000 1 0 0 1 0 0 0.000000 0.000000 1 1 1 1 1 0.000000 0.500000 0.250000 0.333333 0.000000 0.000000 0.250000 0.000000 0.000000 0 0.142857 0 0 0.166667 1 1 0.382979 1 0
0 0.000000 0.000000 1 1 0 0 1 1 0 0 0.233990 0.000000 0.000000 0.066667 0.000000 1 0 0 1 0 0 0.000000 0.750000 0 0 0 0 0 0.000000 0.000000 0.000000 0.333333 0.000000 0.000000 0.250000 0.000000 0.000000 0 0.142857 0 0 0.166667 1 0 0.319149 1 0
0 0.000000 0.000000 1 1 0 0 1 1 0 0 0.022167 0.204545 0.000000 0.216667 0.000000 1 0 0 1 0 0 0.000000 0.000000 0 0 0 0 0 0.000000 0.500000 0.250000 0.000000 0.333333 0.000000 0.250000 0.200000 0.400000 0 0.142857 0 0 0.500000 1 0 0.404255 1 0
0 0.000000 0.000000 1 1 0 0 1 1 0 0 0.071429 0.227273 0.000000 0.150000 0.000000 1 0 0 1 0 0 0.000000 0.250000 0 0 0 0 0 0.000000 0.500000 0.750000 0.000000 0.000000 1.000000 0.000000 0.000000 1.000000 0 1.000000 0 0 0.166667 1 0 0.191489 1 0
0 0.000000 0.000000 1 1 0 0 1 0 1 0 0.004926 0.045455 0.000000 0.050000 0.000000 1 0 0 1 0 0 0.000000 0.000000 0 0 0 0 0 0.000000 0.000000 0.000000 0.000000 0.000000 0.000000 0.000000 0.000000 0.000000 0 0.000000 0 0 0.500000 1 0 0.148936 1 0
0 0.000000 0.000000 1 1 0 0 1 0 1 0 0.096059 0.015152 0.000000 0.500000 0.000000 1 0 0 1 0 0 0.000000 0.750000 0 0 0 0 0 0.000000 0.000000 0.000000 0.000000 0.000000 0.000000 0.000000 0.000000 0.000000 0 0.000000 0 0 0.333333 1 0 0.319149 1 0
0 0.000000 0.500000 1 1 0 0 1 1 0 0 0.440887 0.000000 0.000000 25.000000 0.000000 1 0 0 1 0 0 0.000000 0.500000 0 0 0 0 0 0.000000 0.000000 0.000000 0.333333 0.000000 0.000000 0.250000 0.000000 0.000000 0 0.142857 0 0 0.666667 1 0 0.510638 1 0
0 0.000000 0.500000 1 0 0 1 1 1 0 0 0.086207 0.000000 0.000000 175.000000 0.000000 0 1 0 0 1 0 0.000000 0.000000 0 0 0 0 0 0.000000 0.000000 0.000000 0.000000 0.000000 0.000000 0.000000 0.000000 0.000000 0 0.000000 0 0 0.166667 1 0 0.276596 1 0
0 0.000000 0.500000 0 1 1 0 1 1 0 0 0.056650 0.227273 0.000000 0.116667 0.000000 0 1 0 0 1 0 0.000000 0.000000 0 0 0 0 0 0.000000 0.000000 0.000000 0.000000 0.000000 0.000000 0.000000 0.000000 0.400000 0 0.285714 0 0 0.166667 1 0 0.361702 1 0
0 0.000000 0.000000 1 1 0 0 1 1 0 0 0.411330 0.000000 0.000000 0.100000 0.000000 1 0 0 1 0 0 0.000000 0.500000 0 0 0 0 0 0.000000 0.000000 0.250000 0.333333 0.000000 0.000000 0.250000 0.000000 0.000000 0 0.142857 0 0 0.166667 1 0 0.574468 1 0
0 0.000000 0.000000 1 0 1 0 1 0 1 0 0.056650 0.045455 0.000000 125.000000 0.000000 1 0 0 1 0 0 0.000000 0.000000 0 0 0 0 0 0.000000 0.000000 0.250000 0.000000 0.000000 0.333333 0.000000 0.000000 0.200000 0 0.142857 0 0 1.000000 1 0 0.319149 1 0
0 0.000000 0.000000 1 0 0 1 1 1 0 0 0.004926 0.818182 0.000000 0.005556 0.000000 1 0 0 1 0 0 0.000000 0.000000 0 0 0 0 0 0.000000 0.000000 0.250000 0.000000 0.000000 0.333333 0.000000 0.000000 0.200000 0 0.142857 0 0 1.000000 1 0 0.170213 1 0
0 0.000000 0.000000 1 1 0 0 1 1 0 0 0.027094 0.181818 0.000000 0.500000 0.000000 0 1 0 0 1 0 0.000000 0.250000 0 0 0 0 0 0.000000 0.000000 1.000000 0.000000 0.666667 0.666667 0.000000 0.400000 0.400000 0 0.571429 0 0 0.500000 1 0 0.446809 1 0
0 0.000000 0.000000 1 0 0 1 1 1 0 0 0.064039 0.136364 0.833333 0.483333 0.000000 1 0 0 1 0 0 0.500000 0.500000 1 1 1 1 1 0.000000 0.500000 0.250000 0.333333 0.333333 0.000000 0.750000 0.200000 0.000000 0 0.285714 0 0 0.166667 1 1 0.425532 1 0
0 0.000000 0.000000 1 1 0 0 1 1 0 0 0.000000 0.272727 0.000000 0.472222 0.000000 1 0 0 1 0 0 0.000000 0.250000 0 0 0 0 0 0.000000 1.000000 0.750000 0.000000 0.000000 0.666667 0.000000 0.000000 0.600000 0 0.428571 0 0 0.833333 1 0 0.319149 1 0
0 0.000000 0.000000 1 1 0 0 0 1 1 0 0.472906 0.003788 0.000000 0.038889 0.000000 1 0 0 1 0 0 0.000000 0.000000 0 0 0 0 0 0.000000 0.000000 0.000000 0.000000 0.000000 0.000000 0.000000 0.000000 0.000000 0 0.000000 0 0 0.333333 1 0 0.085106 1 0
0 0.000000 0.000000 1 0 1 0 1 1 0 0 0.019704 0.136364 0.000000 0.533333 0.000000 0 1 0 1 0 0 0.000000 0.000000 0 0 0 0 0 0.000000 0.000000 0.000000 0.000000 0.000000 0.000000 0.000000 0.000000 0.200000 0 0.142857 0 0 0.500000 1 0 0.297872 1 0
0 0.000000 0.000000 1 0 0 1 1 0 0 1 0.130542 0.022727 0.000000 0.261111 0.000000 1 0 0 1 0 0 0.000000 0.000000 0 0 0 0 0 0.000000 0.000000 0.250000 0.000000 0.000000 0.333333 0.000000 0.000000 0.400000 0 0.142857 0 0 0.166667 1 0 0.425532 1 0
0 0.000000 0.000000 1 0 1 0 1 1 0 0 0.000000 0.227273 0.000000 0.016667 0.000000 1 0 0 1 0 0 0.000000 0.000000 0 0 0 0 0 0.000000 0.500000 0.750000 0.000000 0.000000 1.000000 0.000000 0.000000 1.000000 0 0.428571 0 0 0.500000 1 0 0.340426 1 0
0 0.000000 0.000000 1 1 0 0 1 1 0 0 0.837438 0.000000 0.000000 0.369444 0.000000 1 0 0 1 0 0 0.000000 0.250000 0 0 0 0 0 0.000000 0.000000 0.250000 0.000000 0.333333 0.333333 0.250000 0.200000 0.200000 0 0.285714 0 0 0.500000 1 0 0.553191 1 0
0 0.000000 0.000000 1 0 0 1 1 1 0 0 0.204433 0.000000 0.833333 0.133333 1.000000 0 1 0 1 0 0 0.500000 0.250000 1 1 1 1 1 0.250000 0.500000 0.250000 0.000000 0.000000 0.000000 0.000000 0.000000 0.000000 0 0.142857 0 0 0.333333 1 1 0.489362 1 0
0 0.000000 0.000000 1 0 1 0 1 1 0 0 0.012315 0.909091 0.000000 0.116667 0.000000 1 0 0 1 0 0 0.000000 0.000000 0 0 0 0 0 0.000000 0.500000 0.750000 0.000000 0.333333 0.666667 0.000000 0.200000 0.400000 0 0.428571 0 0 0.166667 1 0 0.531915 1 0
0 0.000000 0.000000 1 1 0 0 1 1 0 0 0.322660 0.000000 0.000000 0.347222 0.000000 1 0 0 1 0 0 0.000000 0.250000 0 0 0 0 0 0.000000 0.000000 0.000000 0.000000 0.000000 0.000000 0.000000 0.000000 0.000000 0 0.000000 0 0 0.000000 1 0 0.510638 1 0
0 0.000000 0.000000 1 1 0 0 1 1 0 0 0.032020 0.227273 0.000000 0.433333 0.000000 1 0 0 1 0 0 0.000000 0.750000 0 0 0 0 0 0.000000 0.500000 0.250000 0.000000 0.000000 0.333333 0.250000 0.000000 0.200000 0 0.142857 0 0 0.166667 1 0 0.468085 1 0
0 0.000000 0.500000 1 0 0 1 1 0 1 0 0.115764 0.000000 0.000000 0.050000 0.000000 1 0 0 1 0 0 0.000000 0.000000 0 0 0 0 0 0.000000 0.000000 0.000000 0.000000 0.000000 0.000000 0.000000 0.000000 0.400000 0 0.000000 0 0 0.500000 1 0 0.638298 1 0
0 1.000000 0.500000 1 0 0 1 1 1 0 0 0.029557 0.454545 0.000000 0.333333 0.000000 1 0 0 1 0 0 0.000000 0.250000 0 0 0 0 0 0.000000 1.000000 0.750000 0.333333 0.333333 0.000000 0.500000 0.200000 0.000000 0 0.428571 0 0 0.666667 1 0 0.510638 1 0
0 0.000000 0.000000 1 0 1 0 1 0 1 0 0.061576 0.367424 0.000000 0.016667 0.000000 1 0 0 1 0 0 0.000000 0.000000 0 0 0 0 0 0.000000 0.000000 0.000000 0.000000 0.000000 0.000000 0.500000 0.000000 0.000000 0 0.000000 0 0 0.500000 1 0 0.382979 1 0
0 0.000000 0.000000 1 1 0 0 1 0 0 1 0.194581 0.000000 0.000000 0.100000 0.000000 1 0 0 1 0 0 0.000000 0.750000 0 0 0 0 0 0.000000 0.500000 0.250000 0.333333 0.000000 0.000000 0.250000 0.000000 0.200000 0 0.142857 0 0 0.333333 1 0 0.297872 1 0
0 0.000000 0.000000 1 0 0 1 1 0 1 0 0.086207 0.000000 0.000000 0.005556 0.000000 1 0 0 1 0 0 0.000000 0.000000 0 0 0 0 0 0.000000 0.000000 0.000000 0.000000 0.000000 0.000000 0.000000 0.000000 0.000000 0 0.000000 0 0 0.500000 1 0 0.340426 1 0
0 0.000000 0.000000 1 0 1 0 1 0 1 0 0.039409 0.545455 0.000000 0.038889 0.000000 1 0 0 1 0 0 0.000000 0.250000 0 0 0 0 0 0.000000 0.000000 0.250000 0.000000 0.000000 0.333333 0.000000 0.000000 0.200000 0 0.142857 0 0 0.333333 1 0 0.574468 1 0
0 0.000000 0.000000 1 1 0 0 1 0 0 1 0.041872 0.113636 0.000000 0.566667 0.000000 1 0 0 1 0 0 0.000000 0.500000 0 0 0 0 0 0.000000 0.000000 0.000000 0.000000 0.000000 0.000000 0.000000 0.000000 0.000000 0 0.000000 0 0 0.833333 1 0 0.489362 1 0
0 0.000000 0.000000 1 0 1 0 0 1 1 0 0.293103 0.000000 0.000000 0.022222 0.000000 1 0 0 1 0 0 0.000000 0.000000 0 0 0 0 0 0.000000 0.000000 0.000000 0.000000 0.000000 0.000000 0.000000 0.000000 0.000000 0 0.000000 0 0 0.500000 1 0 0.042553 1 0
0 1.000000 0.500000 1 1 0 0 1 1 0 0 0.721675 0.000000 0.833333 0.666667 0.000000 1 0 0 1 0 0 1.000000 0.000000 1 1 1 1 1 0.000000 0.000000 0.250000 0.000000 0.000000 0.333333 0.000000 0.000000 0.200000 0 0.142857 0 0 0.166667 1 1 0.638298 1 0
0 0.000000 0.000000 1 0 1 0 1 0 0 1 0.532020 0.003788 0.000000 0.016667 0.000000 1 0 0 1 0 0 0.000000 0.750000 0 0 0 0 0 0.000000 0.000000 0.000000 0.000000 0.000000 0.000000 0.000000 0.000000 0.000000 0 0.000000 0 0 1.000000 1 0 0.425532 1 0
0 0.000000 0.000000 1 0 1 0 1 0 1 0 0.263547 0.000000 0.000000 0.050000 0.000000 1 0 0 1 0 0 0.000000 0.000000 0 0 0 0 0 0.750000 1.000000 0.750000 0.666667 0.000000 0.333333 0.500000 0.000000 0.600000 0 0.428571 0 0 0.500000 1 0 0.191489 1 0
0 0.000000 0.000000 1 1 0 0 0 1 0 1 0.105911 0.022727 0.833333 0.016667 0.127451 1 0 0 1 0 0 1.000000 0.000000 1 1 1 1 1 0.000000 0.000000 0.000000 0.333333 0.000000 0.000000 0.250000 0.000000 0.000000 0 0.142857 0 0 0.333333 1 1 0.042553 1 0
0 0.000000 0.000000 1 1 0 0 1 1 0 0 0.027094 0.227273 0.000000 0.033333 0.000000 1 0 0 1 0 0 0.000000 0.000000 0 0 0 0 0 0.000000 0.000000 0.000000 0.000000 0.000000 0.333333 0.000000 0.000000 0.600000 0 0.142857 0 0 0.500000 1 0 0.468085 1 0
0 0.000000 0.000000 1 0 1 0 1 0 1 0 0.145320 0.000000 0.000000 0.100000 0.000000 1 0 0 1 0 0 0.000000 0.500000 0 0 0 0 0 0.000000 0.000000 0.000000 0.000000 0.000000 0.000000 0.000000 0.000000 0.000000 0 0.000000 0 0 0.166667 1 0 0.425532 1 0
0 0.000000 0.000000 1 1 0 0 1 0 1 0 0.061576 0.181818 0.833333 0.166667 0.117647 1 0 0 1 0 0 0.000000 0.000000 1 1 1 1 1 0.000000 0.500000 0.250000 0.000000 0.000000 0.000000 0.000000 0.000000 0.000000 0 0.142857 0 0 0.333333 1 1 0.234043 1 0
0 0.000000 0.000000 1 0 0 1 1 1 0 0 0.041872 0.545455 0.000000 0.083333 0.000000 1 0 0 1 0 0 0.000000 0.000000 0 0 0 0 0 0.000000 0.500000 0.250000 0.000000 0.333333 0.333333 0.000000 0.200000 0.200000 0 0.285714 0 0 0.833333 1 0 0.468085 1 0
0 0.000000 0.000000 1 0 0 1 1 1 0 0 0.100985 0.113636 0.833333 0.666667 0.000000 0 1 0 0 1 0 0.500000 0.750000 1 1 1 1 1 0.000000 0.000000 0.000000 0.000000 0.000000 1.000000 0.250000 0.000000 1.000000 0 0.571429 0 0 0.166667 1 1 0.361702 1 0
0 0.076351 0.500000 1 0 0 1 1 0 1 0 0.027094 0.109848 0.833333 0.058333 0.176471 1 0 0 1 0 0 0.500000 0.000000 1 1 1 1 1 0.000000 0.000000 0.000000 0.000000 0.000000 0.000000 0.000000 0.000000 0.000000 0 0.000000 0 0 0.333333 1 1 0.148936 1 0
0 0.000000 0.000000 1 1 0 0 1 0 1 0 0.027094 0.068182 0.000000 0.150000 0.000000 1 0 0 1 0 0 0.000000 0.000000 0 0 0 0 0 0.000000 0.000000 0.000000 0.000000 0.000000 0.000000 0.500000 0.000000 0.000000 0 0.000000 0 0 0.500000 1 0 0.127660 1 0
0 0.000000 0.000000 1 1 0 0 1 1 0 0 0.096059 0.000000 0.000000 125.000000 0.000000 1 0 0 1 0 0 0.000000 0.000000 0 0 0 0 0 0.250000 0.500000 0.250000 0.000000 0.000000 0.333333 0.000000 0.000000 0.200000 0 0.142857 0 0 0.333333 1 0 0.340426 1 0
0 0.000000 0.000000 1 1 0 0 1 1 0 0 0.204433 0.000000 0.000000 0.233333 0.000000 0 1 0 1 0 0 0.000000 0.750000 0 0 0 0 0 0.000000 1.000000 0.750000 0.000000 0.000000 1.000000 0.000000 0.000000 0.600000 0 0.428571 0 0 0.833333 1 0 0.382979 1 0
0 0.000000 0.000000 1 1 0 0 1 1 0 0 0.285714 0.034091 0.000000 0.002778 0.000000 0 1 0 0 1 0 0.000000 0.000000 0 0 0 0 0 0.000000 0.000000 0.250000 0.333333 0.000000 0.000000 0.250000 0.000000 0.000000 0 0.142857 0 0 0.166667 1 0 0.489362 1 0
0 0.000000 0.000000 1 0 0 1 1 0 1 0 0.027094 0.068182 0.000000 0.033333 0.000000 1 0 0 1 0 0 0.000000 0.000000 0 0 0 0 0 0.000000 0.000000 0.750000 0.666667 0.666667 0.333333 1.000000 0.600000 0.200000 0 1.000000 0 0 0.166667 1 0 0.042553 1 0
0 0.000000 0.000000 1 1 0 0 1 0 0 1 0.603448 0.022727 0.000000 0.183333 0.000000 0 1 0 1 0 0 0.000000 0.250000 0 0 0 0 0 0.000000 0.000000 0.000000 0.333333 0.000000 0.000000 0.500000 0.400000 0.000000 0 0.142857 0 0 0.666667 1 0 0.489362 1 0
0 0.000000 0.000000 1 0 1 0 1 0 1 0 0.056650 0.090909 0.000000 0.066667 0.000000 1 0 0 1 0 0 0.000000 0.000000 0 0 0 0 0 0.000000 0.000000 0.250000 0.333333 0.000000 0.000000 0.750000 0.000000 0.000000 0 0.285714 0 0 0.166667 1 0 0.212766 1 0
0 0.000000 0.000000 1 0 1 0 1 1 0 0 0.093596 0.000000 0.000000 0.197222 0.000000 1 0 0 1 0 0 0.000000 0.000000 0 0 0 0 0 0.000000 0.000000 0.250000 0.000000 0.000000 0.333333 0.000000 0.000000 0.200000 0 0.142857 0 0 0.166667 1 0 0.191489 1 0
0 0.000000 0.000000 1 1 0 0 1 0 0 1 0.096059 0.015152 0.000000 0.002778 0.000000 1 0 0 1 0 0 0.000000 0.500000 0 0 0 0 0 0.000000 0.000000 0.000000 0.000000 0.000000 0.000000 0.250000 0.000000 0.400000 0 0.000000 0 0 0.166667 1 0 0.425532 1 0
0 0.000000 0.000000 1 1 0 0 1 1 0 0 0.440887 0.000000 0.000000 0.233333 0.000000 0 1 0 0 1 0 0.000000 0.750000 0 0 0 0 0 0.000000 0.000000 0.000000 0.000000 0.000000 0.000000 0.000000 0.000000 0.000000 0 0.142857 0 0 0.166667 1 0 0.382979 1 0
0 0.171046 0.500000 1 1 0 0 1 1 0 0 0.056650 0.045455 0.277778 0.066667 0.470588 1 0 0 1 0 0 1.000000 0.000000 0 0 0 1 0 0.000000 0.000000 0.000000 0.000000 0.000000 0.000000 0.250000 0.000000 0.000000 0 0.000000 0 0 0.333333 1 1 0.319149 1 0
0 1.000000 1.000000 1 0 0 1 1 1 0 0 0.647783 0.000000 0.000000 0.200000 0.000000 1 0 0 1 0 0 0.000000 0.000000 0 0 0 0 0 0.000000 0.000000 0.250000 0.000000 0.000000 0.333333 0.250000 0.200000 0.200000 0 0.142857 0 0 0.500000 1 0 0.106383 1 0
0 0.000000 0.000000 1 0 1 0 1 0 0 1 0.000000 0.090909 0.000000 0.166667 0.000000 1 0 0 1 0 0 0.000000 0.000000 0 0 0 0 0 0.000000 0.000000 0.500000 0.000000 0.000000 1.000000 0.000000 0.000000 0.800000 0 0.571429 0 0 0.166667 1 0 0.297872 1 0
0 0.000000 0.000000 1 0 0 1 1 1 0 0 0.012315 0.037879 0.000000 0.008333 0.000000 0 1 0 1 0 0 0.000000 0.000000 0 0 0 0 0 0.000000 0.500000 0.250000 0.333333 0.000000 0.000000 0.250000 0.200000 0.200000 0 0.142857 0 0 0.500000 0 0 0.148936 1 0
0 0.000000 0.000000 1 1 0 0 1 0 1 0 0.002463 0.113636 0.000000 0.005556 0.000000 1 0 0 1 0 0 0.000000 0.500000 0 0 0 0 0 1.000000 1.000000 1.000000 1.000000 1.000000 1.000000 1.000000 1.000000 1.000000 1 1.000000 1 1 0.166667 1 0 0.531915 1 0
0 0.000000 0.000000 1 0 1 0 1 0 0 1 0.204433 0.000000 1.000000 0.033333 0.588235 1 0 0 1 0 0 0.000000 0.250000 1 1 1 1 1 0.000000 0.000000 0.000000 0.000000 0.000000 0.000000 0.000000 0.000000 0.000000 0 0.000000 0 0 0.500000 1 1 0.617021 1 0
0 0.000000 0.000000 1 1 0 0 1 0 1 0 0.056650 0.113636 0.000000 0.266667 0.000000 1 0 0 1 0 0 0.000000 0.250000 0 0 0 0 0 0.000000 0.000000 0.750000 0.000000 0.000000 1.000000 0.000000 0.000000 1.000000 0 0.714286 0 0 0.166667 1 0 0.446809 1 0
0 0.000000 0.000000 1 0 1 0 1 1 0 0 0.039409 0.363636 0.000000 0.966667 0.000000 0 1 0 1 0 0 0.000000 0.000000 0 0 0 0 0 0.000000 0.000000 0.000000 0.000000 0.000000 0.000000 0.000000 0.000000 0.000000 0 0.000000 0 0 0.500000 1 0 0.702128 1 0
0 0.000000 0.000000 1 1 0 0 1 0 0 1 0.145320 0.000000 0.000000 0.333333 0.000000 1 0 0 1 0 0 0.000000 0.000000 0 0 0 0 0 0.000000 0.000000 0.750000 0.000000 0.000000 1.000000 0.000000 0.000000 0.600000 0 0.428571 0 0 0.166667 1 0 0.765957 1 0
0 0.000000 0.000000 1 0 1 0 0 1 1 0 0.145320 0.000000 0.000000 0.050000 0.000000 1 0 0 1 0 0 0.000000 0.000000 0 0 0 0 0 0.000000 0.000000 0.000000 0.000000 0.000000 0.000000 0.000000 0.000000 0.000000 0 0.000000 0 0 0.166667 1 0 0.191489 1 0
0 0.000992 0.500000 1 1 0 0 1 1 0 0 0.071429 0.454545 0.000000 0.566667 0.000000 0 1 0 1 0 0 0.000000 0.500000 0 0 0 0 0 0.000000 0.000000 0.000000 0.000000 0.000000 0.000000 0.000000 0.000000 0.000000 0 0.000000 0 0 0.666667 1 0 0.468085 1 0
0 0.237481 0.500000 1 1 0 0 0 1 1 0 0.440887 0.000000 0.944444 0.066667 0.588235 1 0 0 1 0 0 1.000000 0.000000 1 1 1 1 1 0.000000 0.000000 0.000000 0.000000 0.000000 0.000000 0.000000 0.200000 0.000000 0 0.000000 0 0 0.500000 1 1 0.170213 1 0
0 0.000000 0.000000 1 0 0 1 1 1 0 0 0.027094 0.090909 0.222222 0.066667 0.068627 0 1 0 0 1 0 0.500000 0.250000 1 1 1 1 1 0.000000 0.000000 0.000000 0.000000 0.000000 0.000000 0.000000 0.200000 0.000000 0 0.000000 0 0 0.166667 1 1 0.361702 1 0
0 0.000000 0.000000 1 0 1 0 0 1 1 0 0.027094 0.090909 0.000000 0.166667 0.000000 0 1 0 0 1 0 0.000000 0.000000 0 0 0 0 0 0.000000 0.000000 0.000000 0.000000 0.000000 0.000000 0.000000 0.000000 0.000000 0 0.000000 0 0 0.166667 1 0 0.106383 1 0
0 0.000000 0.000000 1 1 0 0 1 1 0 0 0.115764 0.000000 0.000000 0.566667 0.000000 0 1 0 1 0 0 0.000000 0.750000 0 0 0 0 0 0.000000 0.000000 0.000000 0.000000 0.000000 0.333333 0.000000 0.000000 0.200000 0 0.142857 0 0 0.500000 1 0 0.361702 1 0
0 0.000000 0.000000 1 1 0 0 1 0 0 1 1.000000 0.000000 0.000000 0.833333 0.000000 1 0 0 1 0 0 0.000000 0.000000 0 0 0 0 0 0.000000 0.000000 0.000000 0.000000 0.000000 0.000000 0.250000 0.000000 0.000000 0 0.000000 0 0 1.000000 1 0 0.872340 1 0
0 0.000000 0.000000 1 1 0 0 1 1 0 0 0.012315 0.181818 0.000000 0.500000 0.000000 1 0 0 1 0 0 0.000000 0.500000 0 0 0 0 0 0.000000 0.000000 0.000000 0.000000 0.000000 0.333333 0.000000 0.000000 0.400000 0 0.285714 0 0 0.333333 1 0 0.319149 1 0
0 0.000000 0.000000 1 1 0 0 1 1 0 0 0.263547 0.000000 0.000000 0.700000 0.000000 1 0 0 1 0 0 0.000000 0.000000 0 0 0 0 0 0.000000 0.000000 0.000000 0.000000 0.000000 0.000000 0.000000 0.000000 0.000000 0 0.000000 0 0 0.166667 1 0 0.595745 1 0
0 0.000000 0.000000 1 1 0 0 1 0 1 0 0.041872 0.022727 0.000000 0.050000 0.000000 1 0 0 1 0 0 0.000000 0.250000 0 0 0 0 0 0.000000 0.000000 0.000000 0.000000 0.333333 0.000000 0.000000 0.200000 0.000000 0 0.142857 0 0 0.166667 1 0 0.340426 1 0
0 0.000000 0.000000 1 0 1 0 1 1 0 0 0.036946 1.000000 0.000000 0.200000 0.000000 1 0 0 1 0 0 0.000000 0.000000 0 0 0 0 0 0.000000 0.000000 0.500000 0.000000 0.000000 0.666667 0.000000 0.000000 0.400000 0 0.285714 0 0 0.333333 1 0 0.276596 1 0
0 0.000000 0.500000 1 0 1 0 1 1 0 0 0.071429 0.227273 0.000000 0.266667 0.000000 1 0 0 1 0 0 0.000000 0.000000 0 0 0 0 0 0.000000 0.000000 0.250000 0.000000 0.000000 0.333333 0.000000 0.000000 0.200000 0 0.428571 0 0 0.166667 1 0 0.170213 1 0
0 0.000000 0.000000 1 0 0 1 1 0 1 0 0.145320 0.000000 0.000000 0.050000 0.000000 1 0 0 1 0 0 0.000000 0.000000 0 0 0 0 0 0.000000 0.500000 0.250000 0.000000 0.666667 0.333333 0.250000 0.600000 0.400000 0 0.428571 0 0 0.166667 1 0 0.297872 1 0
0 0.000000 0.000000 1 1 0 0 1 1 0 0 0.000000 0.227273 0.000000 0.100000 0.000000 1 0 0 1 0 0 0.000000 0.000000 0 0 0 0 0 0.000000 0.000000 0.500000 0.000000 0.000000 0.666667 0.000000 0.000000 0.400000 0 0.285714 0 0 0.166667 1 0 1.000000 1 0
0 0.000000 0.000000 0 1 1 0 1 0 1 0 0.007389 0.113636 0.000000 75.000000 0.000000 1 0 0 1 0 0 0.000000 1.000000 0 0 0 0 0 0.000000 0.000000 0.000000 0.000000 0.000000 0.000000 0.000000 0.400000 0.200000 0 0.000000 0 0 0.000000 1 0 0.531915 1 0
0 0.000000 0.000000 1 1 0 0 1 0 0 1 1.000000 0.000000 0.000000 0.000000 0.000000 0 1 0 1 0 0 0.000000 0.000000 0 0 0 0 0 0.000000 0.000000 0.000000 0.000000 0.000000 0.000000 0.000000 0.000000 0.000000 0 0.000000 0 0 0.166667 1 0 0.893617 1 0
0 1.000000 0.500000 1 0 0 1 1 1 0 0 0.147783 0.000000 0.777778 0.216667 0.000000 1 0 0 1 0 0 0.500000 0.500000 0 0 1 0 0 0.000000 0.000000 0.000000 0.000000 0.000000 0.000000 0.000000 0.000000 0.000000 0 0.000000 0 0 1.000000 1 1 0.319149 1 0
0 0.000000 0.000000 1 0 0 1 1 1 0 0 0.056650 0.272727 0.000000 0.033333 0.000000 0 1 0 0 1 0 0.000000 0.250000 0 0 0 0 0 0.000000 0.000000 0.000000 0.000000 0.666667 0.666667 0.000000 0.400000 0.400000 0 0.714286 0 0 0.500000 1 0 0.234043 1 0
0 0.000000 0.000000 1 1 0 0 1 1 0 0 0.056650 0.181818 0.000000 0.200000 0.000000 1 0 0 1 0 0 0.000000 0.000000 0 0 0 0 0 0.000000 1.000000 1.000000 0.000000 0.000000 1.000000 0.250000 0.400000 0.800000 0 0.714286 0 0 0.166667 1 0 0.574468 1 0
0 0.000000 0.000000 1 0 0 1 1 0 0 1 0.115764 0.000000 0.000000 0.333333 0.000000 1 0 0 1 0 0 0.000000 0.000000 0 0 0 0 0 0.000000 0.000000 0.000000 0.000000 0.000000 0.000000 0.000000 0.000000 0.000000 0 0.000000 0 0 0.166667 1 0 0.297872 1 0
0 0.000000 0.000000 0 1 1 0 1 1 0 0 0.004926 0.113636 0.000000 0.072222 0.000000 1 0 0 1 0 0 0.000000 0.500000 0 0 0 0 0 0.000000 0.500000 0.250000 0.333333 0.000000 0.333333 0.250000 0.000000 0.400000 0 0.285714 0 0 0.500000 1 0 0.361702 1 0
0 0.000000 0.000000 1 1 0 0 1 1 0 0 0.004926 0.113636 0.000000 0.133333 0.000000 1 0 0 1 0 0 0.000000 0.500000 0 0 0 0 0 0.000000 0.500000 0.500000 0.000000 0.333333 0.333333 0.000000 0.400000 0.200000 0 0.428571 0 0 0.500000 1 0 0.404255 1 0
0 0.000000 0.000000 0 1 1 0 1 0 1 0 0.233990 0.000000 0.000000 0.333333 0.000000 1 0 0 1 0 0 0.000000 0.750000 0 0 0 0 0 0.000000 0.000000 0.000000 0.000000 0.000000 0.000000 0.000000 0.000000 0.000000 0 0.142857 0 0 0.166667 1 0 0.404255 1 0
0 0.000000 0.000000 1 0 0 1 1 1 0 0 0.115764 0.000000 0.000000 0.033333 0.000000 1 0 0 1 0 0 0.000000 0.000000 0 0 0 0 0 0.000000 0.000000 0.000000 0.000000 0.000000 0.000000 0.000000 0.000000 0.000000 0 0.000000 0 0 0.166667 1 0 0.510638 1 0
0 0.000000 0.000000 1 1 0 0 1 0 0 1 0.470443 0.000000 0.000000 0.500000 0.000000 1 0 0 1 0 0 0.000000 0.250000 0 0 0 0 0 0.250000 0.500000 0.250000 0.000000 0.000000 0.333333 0.000000 0.200000 0.200000 0 0.142857 0 0 0.166667 1 0 0.702128 1 0
0 0.000000 0.000000 1 0 0 1 1 0 1 0 0.012315 1.000000 0.000000 0.133333 0.000000 1 0 0 1 0 0 0.000000 0.250000 0 0 0 0 0 0.000000 0.000000 0.500000 0.000000 1.000000 0.000000 0.250000 0.800000 0.000000 0 0.571429 0 0 0.333333 1 0 0.148936 1 0
0 0.000000 0.000000 1 1 0 0 1 1 0 0 0.004926 0.030303 0.000000 0.066667 0.000000 1 0 0 1 0 0 0.000000 0.000000 0 0 0 0 0 0.000000 0.000000 0.000000 0.000000 0.000000 0.000000 0.000000 0.000000 0.000000 0 0.000000 0 0 0.166667 1 0 0.638298 1 0
0 1.000000 0.500000 1 0 0 1 1 1 0 0 0.204433 0.000000 0.833333 0.133333 1.000000 1 0 0 1 0 0 0.500000 0.000000 0 0 1 0 0 0.000000 0.000000 0.000000 0.000000 0.000000 0.000000 0.000000 0.000000 0.000000 0 0.000000 0 0 0.833333 1 1 0.468085 1 0
0 0.000000 0.000000 1 1 0 0 1 1 0 0 0.189655 0.022727 0.000000 0.166667 0.000000 1 0 0 1 0 0 0.000000 0.000000 0 0 0 0 0 0.000000 0.000000 0.000000 0.000000 0.000000 0.666667 0.000000 0.000000 0.400000 0 0.285714 0 0 1.000000 1 0 0.191489 1 0
0 0.000000 0.000000 1 0 0 1 1 1 0 0 0.157635 0.000000 0.833333 25.000000 1.000000 1 0 0 1 0 0 0.500000 0.500000 0 0 1 0 0 0.000000 0.000000 0.250000 0.000000 0.666667 0.000000 0.000000 0.400000 0.000000 0 0.285714 0 0 0.166667 1 1 0.425532 1 0
0 0.000000 0.000000 1 0 0 1 1 0 1 0 0.027094 0.068182 0.000000 0.150000 0.000000 1 0 0 1 0 0 0.000000 0.000000 0 0 0 0 0 0.000000 0.000000 0.250000 0.000000 0.000000 1.000000 0.000000 0.000000 0.600000 0 0.428571 0 0 0.166667 1 0 0.127660 1 0
0 0.000000 0.000000 1 0 0 1 1 1 0 0 0.064039 0.022727 0.000000 125.000000 0.000000 1 0 0 1 0 0 0.000000 0.250000 0 0 0 0 0 0.000000 0.500000 0.500000 0.000000 0.000000 0.666667 0.000000 0.200000 0.400000 0 0.285714 0 0 0.500000 1 0 0.276596 1 0
0 0.000000 0.000000 1 1 0 0 1 1 0 0 0.440887 0.000000 0.000000 0.033333 0.000000 0 1 0 0 1 0 0.000000 0.000000 0 0 0 0 0 0.000000 0.000000 0.000000 0.000000 0.000000 0.000000 0.000000 0.000000 0.400000 0 0.000000 0 0 0.166667 1 0 0.914894 1 0
0 0.000000 0.000000 1 0 1 0 1 0 1 0 0.293103 0.000000 0.000000 0.083333 0.000000 1 0 0 1 0 0 0.000000 0.000000 0 0 0 0 0 0.000000 0.000000 0.000000 0.000000 0.000000 0.333333 0.000000 0.000000 0.200000 0 0.142857 0 0 0.333333 1 0 0.106383 1 0
0 0.000000 0.000000 1 0 1 0 1 1 0 0 0.054187 0.140152 0.000000 0.166667 0.000000 1 0 0 1 0 0 0.000000 0.000000 0 0 0 0 0 0.000000 0.000000 0.000000 0.000000 0.000000 0.000000 0.000000 0.000000 0.000000 0 0.000000 0 0 0.666667 1 0 0.319149 1 0
0 0.000000 0.000000 1 0 1 0 1 0 1 0 0.012315 0.022727 0.000000 0.022222 0.000000 0 1 0 1 0 0 0.000000 0.000000 0 0 0 0 0 0.000000 0.000000 0.250000 0.333333 0.000000 0.000000 0.250000 0.000000 0.000000 0 0.285714 0 0 0.166667 1 0 0.127660 1 0
0 0.346554 0.500000 1 0 0 1 1 1 0 0 0.056650 0.363636 0.000000 0.194444 0.000000 1 0 0 1 0 0 0.000000 0.250000 0 0 0 0 0 0.000000 0.000000 0.000000 0.000000 0.000000 0.000000 0.000000 0.000000 0.000000 0 0.000000 0 0 0.333333 1 0 0.106383 1 0
0 0.000000 0.000000 1 1 0 0 1 0 1 0 0.086207 0.000000 0.000000 0.166667 0.000000 0 1 0 1 0 0 0.000000 0.500000 0 0 0 0 0 0.750000 1.000000 1.000000 0.333333 0.000000 1.000000 0.250000 0.000000 0.800000 0 0.714286 0 0 0.166667 1 0 0.489362 1 0
0 0.000000 0.000000 1 0 0 1 1 1 0 0 0.024631 0.136364 0.000000 0.200000 0.000000 1 0 0 1 0 0 0.000000 0.000000 0 0 0 0 0 0.000000 0.000000 0.250000 0.000000 0.000000 0.000000 0.000000 0.000000 0.000000 0 0.142857 0 0 0.500000 1 0 0.106383 1 0
0 0.000000 0.000000 1 1 0 0 1 0 1 0 0.032020 0.280303 0.000000 0.027778 0.000000 1 0 0 1 0 0 0.000000 0.500000 0 0 0 0 0 0.000000 0.000000 0.000000 0.000000 0.000000 0.000000 0.000000 0.000000 1.000000 0 0.000000 0 0 0.333333 1 0 0.297872 1 0
0 1.000000 0.500000 1 0 0 1 1 0 1 0 0.056650 0.003788 0.555556 0.033333 0.117647 1 0 0 1 0 0 1.000000 0.250000 1 1 1 1 1 0.250000 1.000000 1.000000 0.000000 1.000000 0.000000 1.000000 1.000000 0.000000 0 0.857143 0 0 0.166667 1 1 0.276596 1 0
0 0.000000 0.000000 1 0 0 1 1 1 0 0 0.293103 0.000000 0.000000 0.088889 0.000000 1 0 0 1 0 0 0.000000 0.000000 0 0 0 0 0 0.250000 1.000000 0.500000 0.000000 0.000000 0.666667 0.000000 0.000000 0.400000 0 0.285714 0 0 0.333333 1 0 0.234043 1 0
0 0.000000 0.500000 1 1 0 0 1 1 0 0 0.529557 0.000000 0.000000 0.233333 0.000000 0 1 0 1 0 0 0.000000 0.750000 0 0 0 0 0 0.000000 0.000000 0.000000 0.333333 0.000000 0.000000 0.250000 0.000000 0.000000 0 0.142857 0 0 0.333333 1 0 0.531915 1 0
0 0.000000 0.000000 1 0 1 0 1 1 0 0 0.064039 0.640152 0.000000 0.100000 0.000000 1 0 0 1 0 0 0.000000 0.000000 0 0 0 0 0 0.000000 0.000000 0.000000 0.000000 0.000000 0.000000 0.000000 0.000000 0.000000 0 0.000000 0 0 0.500000 1 0 0.574468 1 0
0 0.000000 0.000000 1 1 0 0 1 1 0 0 0.100985 0.022727 0.000000 75.000000 0.000000 1 0 0 1 0 0 0.000000 0.750000 0 0 0 0 0 0.000000 0.500000 0.250000 0.000000 0.000000 0.666667 0.000000 0.000000 0.600000 0 0.285714 0 0 0.333333 1 0 0.191489 1 0
0 0.287556 0.500000 0 1 1 0 1 1 0 0 0.174877 0.000000 0.000000 0.002778 0.000000 1 0 0 1 0 0 0.000000 0.000000 0 0 0 0 0 0.250000 0.500000 0.250000 0.000000 0.000000 0.333333 0.000000 0.000000 0.200000 0 0.142857 0 0 0.166667 1 0 0.893617 1 0
0 0.000000 0.000000 1 1 0 0 1 0 0 1 0.945813 0.003788 0.000000 1.000000 0.000000 0 1 0 1 0 0 0.000000 0.000000 0 0 0 0 0 0.000000 0.000000 0.000000 0.000000 0.333333 0.000000 0.000000 0.200000 0.000000 0 0.142857 0 0 0.666667 1 0 0.723404 1 0
0 0.000000 0.000000 1 1 0 0 1 0 0 1 0.032020 0.272727 0.000000 0.166667 0.000000 1 0 0 1 0 0 0.000000 0.750000 0 0 0 0 0 0.000000 0.500000 0.250000 0.000000 0.000000 0.333333 0.000000 0.000000 0.200000 0 0.142857 0 0 0.333333 1 0 0.340426 1 0
0 0.000000 0.000000 1 1 0 0 1 0 0 1 0.115764 0.000000 0.000000 0.366667 0.000000 1 0 0 1 0 0 0.000000 0.000000 0 0 0 0 0 0.000000 0.000000 0.000000 0.000000 0.000000 0.000000 0.000000 0.000000 0.000000 0 0.000000 0 0 0.166667 1 0 0.489362 1 0
0 0.000000 0.000000 1 0 1 0 1 0 1 0 0.000000 0.136364 0.000000 0.266667 0.000000 0 1 0 1 0 0 0.000000 0.000000 0 0 0 0 0 0.250000 0.500000 0.250000 0.000000 0.000000 0.000000 0.000000 0.000000 0.000000 0 0.142857 0 0 1.000000 1 0 0.234043 1 0
0 0.000000 0.000000 1 1 0 0 1 1 0 0 0.381773 0.000000 0.000000 0.016667 0.000000 0 1 0 1 0 0 0.000000 0.500000 0 0 0 0 0 0.000000 0.000000 0.000000 0.000000 0.000000 0.000000 0.000000 0.000000 0.200000 0 0.000000 0 0 0.166667 1 0 0.234043 1 0
0 0.000000 0.000000 1 0 1 0 1 0 0 1 0.174877 0.000000 0.000000 0.100000 0.000000 1 0 0 1 0 0 0.000000 0.000000 0 0 0 0 0 0.000000 0.000000 0.000000 0.000000 0.000000 0.000000 0.000000 0.000000 0.000000 0 0.000000 0 0 0.166667 1 0 0.489362 1 0
0 0.000000 0.000000 1 0 1 0 1 0 1 0 0.032020 0.053030 0.000000 0.100000 0.000000 1 0 0 1 0 0 0.000000 0.000000 0 0 0 0 0 0.000000 0.000000 0.250000 0.000000 0.000000 0.000000 0.250000 0.000000 0.000000 0 0.142857 0 0 0.333333 1 0 0.276596 1 0
0 0.000000 0.000000 1 1 0 0 1 1 0 0 0.066502 0.227273 0.000000 1.000000 0.000000 1 0 0 1 0 0 0.000000 0.000000 0 0 0 0 0 0.000000 1.000000 0.750000 0.333333 0.666667 0.666667 0.500000 0.400000 0.800000 0 0.714286 0 0 0.166667 1 0 0.617021 1 0
0 0.000000 0.000000 1 1 0 0 1 0 0 1 0.012315 0.287879 0.000000 0.011111 0.000000 1 0 0 1 0 0 0.000000 0.250000 0 0 0 0 0 0.000000 0.000000 0.000000 0.000000 0.000000 0.000000 0.250000 0.000000 0.000000 0 0.142857 0 0 0.500000 1 0 0.680851 1 0
0 0.000000 0.000000 1 1 0 0 1 1 0 0 0.012315 0.136364 0.833333 0.083333 0.588235 1 0 0 1 0 0 0.500000 0.000000 1 1 1 1 1 0.000000 0.000000 0.000000 0.000000 0.000000 0.000000 0.000000 0.000000 0.000000 0 0.142857 0 0 0.333333 1 1 0.148936 1 0
0 0.000000 0.000000 1 1 0 0 1 0 1 0 0.007389 0.106061 0.277778 0.088889 0.107843 1 0 0 1 0 0 0.500000 0.000000 1 1 1 1 1 0.000000 0.500000 0.250000 0.000000 0.666667 0.000000 0.000000 0.400000 0.400000 0 0.285714 0 0 0.166667 1 1 0.106383 1 0
1 0.140307 0.500000 1 1 0 0 1 1 0 0 0.293103 0.000000 0.833333 0.008333 0.294118 1 0 0 1 0 0 1.000000 0.000000 1 1 1 1 1 0.000000 0.000000 0.000000 0.000000 0.000000 0.000000 0.000000 0.000000 0.000000 0 0.000000 0 0 0.333333 1 1 0.446809 1 0
0 0.000000 0.500000 1 1 0 0 1 0 0 1 0.000000 0.181818 0.000000 0.058333 0.000000 1 0 0 1 0 0 0.000000 0.000000 0 0 0 0 0 0.000000 0.000000 0.000000 0.000000 0.666667 0.666667 0.000000 0.400000 0.400000 0 0.571429 0 0 0.833333 1 0 0.212766 1 0
0 0.000000 0.000000 1 0 1 0 0 1 1 0 0.736453 0.000000 0.000000 0.216667 0.000000 1 0 0 1 0 0 0.000000 0.000000 0 0 0 0 0 0.000000 1.000000 1.000000 0.000000 0.000000 1.000000 0.250000 0.000000 0.800000 0 0.571429 0 0 0.333333 1 0 0.170213 1 0
0 0.000000 0.000000 1 0 0 1 0 1 1 0 0.588670 0.000000 0.000000 0.233333 0.000000 1 0 0 1 0 0 0.000000 0.000000 0 0 0 0 0 0.000000 0.500000 1.000000 0.000000 0.000000 1.000000 0.250000 0.400000 0.800000 0 0.571429 0 0 0.333333 1 0 0.170213 1 0
0 0.000000 0.000000 1 1 0 0 1 0 0 1 0.352217 0.000000 0.000000 0.100000 0.000000 1 0 0 0 1 0 0.000000 0.000000 0 0 0 0 0 0.000000 0.500000 0.250000 0.000000 0.000000 0.000000 0.000000 0.000000 0.200000 0 0.142857 0 0 0.166667 1 0 0.404255 1 0
0 0.000000 0.000000 1 0 0 1 1 0 1 0 0.012315 0.003788 0.000000 0.016667 0.000000 1 0 0 1 0 0 0.000000 0.000000 0 0 0 0 0 0.000000 0.000000 0.250000 0.000000 0.333333 0.000000 0.000000 0.200000 0.000000 0 0.142857 0 0 0.500000 1 0 0.063830 1 0
0 0.000000 0.000000 1 1 0 0 1 1 0 0 0.071429 0.045455 0.000000 0.044444 0.000000 1 0 0 1 0 0 0.000000 0.500000 0 0 0 0 0 0.000000 0.000000 0.000000 0.000000 0.000000 0.000000 0.000000 0.000000 0.000000 0 0.000000 0 0 0.166667 1 0 0.255319 1 0
0 0.000000 0.000000 1 0 0 1 1 1 0 0 0.014778 0.227273 0.222222 0.083333 0.000000 1 0 0 1 0 0 1.000000 0.000000 1 1 1 1 1 0.000000 0.000000 0.000000 0.000000 0.000000 0.000000 0.000000 0.000000 0.000000 0 0.000000 0 0 0.500000 1 1 0.553191 1 0
0 0.000000 0.000000 1 1 0 0 1 1 0 0 0.204433 0.000000 0.000000 0.433333 0.000000 1 0 0 1 0 0 0.000000 0.250000 0 0 0 0 0 0.000000 0.000000 0.000000 0.000000 0.000000 0.000000 0.000000 0.000000 0.000000 0 0.000000 0 0 0.333333 1 0 0.382979 1 0
0 0.000000 0.000000 1 1 0 0 1 1 0 0 0.352217 0.000000 0.000000 0.633333 0.000000 1 0 0 1 0 0 0.000000 0.500000 0 0 0 0 0 0.250000 0.500000 0.250000 0.333333 0.000000 0.000000 0.250000 0.000000 0.000000 0 0.142857 0 0 0.166667 1 0 0.446809 1 0
0 0.000000 0.000000 1 0 0 1 1 1 0 0 0.012315 0.454545 0.000000 0.172222 0.000000 1 0 0 1 0 0 0.000000 0.000000 0 0 0 0 0 0.000000 0.000000 0.000000 0.000000 0.000000 0.000000 0.250000 0.600000 0.400000 0 0.000000 0 0 0.833333 1 0 0.063830 1 0
0 0.000000 0.000000 1 1 0 0 1 1 0 0 0.056650 0.113636 0.000000 0.200000 0.000000 0 1 0 1 0 0 0.000000 0.500000 0 0 0 0 0 0.000000 0.000000 0.000000 0.000000 0.000000 0.000000 0.000000 0.000000 0.000000 0 0.000000 0 0 0.500000 1 0 0.553191 1 0
0 0.000000 0.000000 1 1 0 0 1 0 0 1 0.000000 0.151515 0.000000 0.061111 0.000000 1 0 0 1 0 0 0.000000 0.750000 0 0 0 0 0 0.000000 0.000000 0.000000 0.000000 0.000000 0.333333 0.250000 0.000000 0.200000 0 0.142857 0 0 0.500000 1 0 0.340426 1 0
0 0.000000 0.000000 1 1 0 0 1 0 0 1 0.029557 0.113636 0.000000 0.116667 0.000000 1 0 0 1 0 0 0.000000 0.500000 0 0 0 0 0 0.500000 1.000000 1.000000 1.000000 1.000000 1.000000 0.750000 1.000000 1.000000 0 1.000000 0 0 0.500000 1 0 0.404255 1 0
0 0.000000 0.000000 1 1 0 0 1 0 1 0 0.027094 0.090909 0.000000 25.000000 0.000000 1 0 0 1 0 0 0.000000 0.250000 0 0 0 0 0 0.000000 0.000000 0.250000 0.333333 0.000000 0.000000 0.250000 0.000000 0.200000 0 0.285714 0 0 0.166667 1 0 0.212766 1 0
0 0.000000 0.000000 1 0 0 1 1 0 1 0 0.041872 0.045455 0.000000 0.233333 0.000000 1 0 0 1 0 0 0.000000 0.000000 0 0 0 0 0 0.000000 0.000000 0.000000 0.000000 0.000000 0.000000 0.500000 0.000000 0.000000 0 0.000000 0 0 0.166667 0 0 0.276596 1 0
0 0.000000 0.000000 1 1 0 0 1 0 0 1 0.027094 0.136364 0.000000 0.000000 0.000000 1 0 0 1 0 0 0.000000 0.500000 0 0 0 0 0 0.000000 0.000000 0.750000 0.000000 0.000000 0.666667 0.000000 0.000000 0.800000 0 0.428571 0 0 0.166667 1 0 0.276596 1 0
1 0.362419 0.500000 1 0 0 1 1 1 0 0 0.032020 0.363636 0.000000 0.033333 0.000000 0 1 0 0 1 0 0.000000 0.000000 0 0 0 0 0 0.000000 0.000000 0.000000 0.000000 0.000000 0.333333 0.000000 0.400000 0.200000 0 0.142857 0 0 0.333333 1 0 0.106383 1 0
0 0.000000 0.000000 1 0 0 1 1 0 1 0 0.000000 0.030303 0.000000 0.311111 0.000000 1 0 0 1 0 0 0.000000 0.000000 0 0 0 0 0 0.000000 0.000000 0.250000 0.333333 0.666667 0.000000 0.500000 0.600000 0.000000 0 0.428571 0 0 0.500000 1 0 0.170213 1 0
0 0.000000 0.000000 1 1 0 0 1 0 1 0 0.012315 0.636364 0.000000 0.016667 0.000000 1 0 0 1 0 0 0.000000 0.500000 0 0 0 0 0 0.250000 0.500000 0.250000 0.333333 0.000000 0.000000 0.250000 0.000000 0.000000 0 0.142857 0 0 0.166667 0 0 0.553191 1 0
0 0.000000 0.000000 1 1 0 0 1 0 1 0 0.019704 0.075758 0.000000 0.394444 0.000000 0 1 0 1 0 0 0.000000 0.500000 0 0 0 0 0 0.000000 0.000000 0.000000 0.000000 0.000000 0.000000 0.000000 0.000000 0.000000 0 0.000000 0 0 0.166667 1 0 0.276596 1 0
0 0.000000 0.000000 1 0 1 0 0 1 1 0 0.677340 0.000000 0.000000 0.030556 0.000000 1 0 0 1 0 0 0.000000 0.000000 0 0 0 0 0 0.000000 0.000000 0.250000 0.333333 0.000000 0.000000 0.250000 0.200000 0.000000 0 0.142857 0 0 0.166667 1 0 0.085106 1 0
0 0.000000 0.000000 1 0 1 0 1 0 1 0 0.039409 0.140152 0.000000 0.033333 0.000000 1 0 0 1 0 0 0.000000 0.000000 0 0 0 0 0 0.000000 0.000000 0.000000 0.000000 0.000000 0.000000 0.000000 0.000000 0.000000 0 0.000000 0 0 0.333333 1 0 0.106383 1 0
0 0.000000 0.000000 1 1 0 0 1 1 0 0 0.032020 0.272727 0.000000 0.022222 0.000000 1 0 0 1 0 0 0.000000 0.250000 0 0 0 0 0 0.250000 0.500000 0.250000 0.333333 0.333333 0.000000 0.250000 0.200000 0.000000 0 0.285714 0 0 0.833333 1 0 0.404255 1 0
0 0.000000 0.000000 1 1 0 0 1 1 0 0 0.128079 0.018939 0.000000 0.383333 0.000000 1 0 0 1 0 0 0.000000 0.500000 0 0 0 0 0 0.000000 0.000000 0.500000 0.000000 0.333333 0.666667 0.000000 0.200000 0.400000 0 0.428571 0 0 0.333333 1 0 0.340426 1 0
0 0.000000 0.000000 1 0 0 1 1 0 0 1 0.263547 0.000000 0.000000 0.091667 0.000000 1 0 0 1 0 0 0.000000 0.000000 0 0 0 0 0 0.250000 1.000000 0.750000 1.000000 0.000000 0.666667 1.000000 0.200000 0.400000 0 1.000000 0 0 0.166667 1 0 0.319149 1 0
0 0.000000 0.000000 1 1 0 0 1 1 0 0 0.233990 0.000000 0.000000 0.266667 0.000000 1 0 0 1 0 0 0.000000 0.000000 0 0 0 0 0 0.000000 0.000000 0.000000 0.666667 0.000000 0.000000 0.750000 0.000000 0.000000 0 0.285714 0 0 0.500000 1 0 0.404255 1 0
0 0.000000 0.000000 1 0 0 1 1 0 1 0 0.041872 0.227273 0.000000 0.433333 0.000000 0 1 0 1 0 0 0.000000 0.000000 0 0 0 0 0 0.250000 1.000000 1.000000 0.000000 0.333333 1.000000 0.500000 0.200000 0.600000 0 0.571429 0 0 0.500000 1 0 0.191489 1 0
0 0.000000 0.000000 1 1 0 0 1 1 0 0 0.233990 0.000000 0.000000 0.266667 0.000000 1 0 0 1 0 0 0.000000 0.500000 0 0 0 0 0 0.000000 0.000000 0.000000 0.000000 0.000000 0.000000 0.000000 0.000000 0.000000 0 0.000000 0 0 0.166667 1 0 0.382979 1 0
0 0.000000 0.000000 1 1 0 0 1 1 0 0 0.500000 0.000000 0.000000 0.866667 0.000000 1 0 0 1 0 0 0.000000 0.250000 0 0 0 0 0 0.000000 0.000000 0.000000 0.000000 0.333333 0.000000 0.250000 0.800000 0.400000 0 0.142857 0 0 0.166667 1 0 0.595745 1 0
0 0.000000 0.000000 1 1 0 0 1 1 0 0 0.019704 0.113636 0.000000 0.066667 0.000000 0 1 0 1 0 0 0.000000 0.250000 0 0 0 0 0 0.000000 0.000000 0.000000 0.000000 0.666667 0.000000 0.000000 0.400000 0.200000 0 0.285714 0 0 0.166667 1 0 0.276596 1 0
0 0.000000 0.000000 1 0 1 0 1 0 1 0 0.086207 0.000000 0.000000 0.100000 0.000000 0 1 0 0 1 0 0.000000 0.000000 0 0 0 0 0 0.000000 0.000000 0.000000 0.000000 0.000000 0.000000 0.000000 0.000000 0.000000 0 0.000000 0 0 0.166667 1 0 0.170213 1 0
0 0.000000 0.000000 1 0 0 1 1 0 1 0 0.115764 0.000000 0.000000 0.133333 0.000000 1 0 0 1 0 0 0.000000 0.250000 0 0 0 0 0 0.000000 0.000000 0.000000 0.000000 0.000000 0.000000 0.000000 0.000000 0.200000 0 0.000000 0 0 0.333333 1 0 0.255319 1 0
0 0.000000 0.000000 1 1 0 0 1 1 0 0 0.529557 0.000000 0.000000 0.400000 0.000000 0 1 0 1 0 0 0.000000 0.000000 0 0 0 0 0 0.000000 0.000000 0.000000 0.000000 0.000000 0.333333 0.000000 0.000000 0.600000 0 0.142857 0 0 0.166667 1 0 0.638298 1 0
0 0.187903 0.500000 1 1 0 0 1 1 0 0 0.086207 0.000000 0.000000 0.100000 0.000000 1 0 0 1 0 0 0.000000 0.500000 0 0 0 0 0 0.000000 0.000000 0.250000 0.333333 0.000000 0.333333 0.250000 0.000000 0.200000 0 0.285714 0 0 0.166667 1 0 0.382979 1 0
0 0.000000 0.000000 1 1 0 0 1 0 0 1 0.019704 0.140152 0.000000 0.086111 0.000000 1 0 0 1 0 0 0.000000 0.000000 0 0 0 0 0 0.000000 0.500000 0.250000 0.000000 0.000000 0.000000 0.000000 0.000000 0.000000 0 0.142857 0 0 0.500000 1 0 0.319149 1 0
0 0.000000 0.000000 1 1 0 0 1 1 0 0 0.071429 0.090909 0.000000 0.083333 0.000000 1 0 0 1 0 0 0.000000 0.000000 0 0 0 0 0 0.500000 1.000000 0.750000 0.333333 0.000000 0.666667 0.250000 0.000000 0.400000 0 0.571429 0 0 0.666667 1 0 0.212766 1 0
0 0.000000 0.000000 1 0 0 1 1 1 0 0 0.352217 0.000000 0.833333 0.433333 0.470588 1 0 0 1 0 0 0.500000 1.000000 1 1 1 1 1 0.000000 0.000000 0.000000 0.000000 0.000000 0.000000 0.000000 0.000000 0.000000 0 0.000000 0 0 0.166667 1 1 0.468085 1 0
0 0.000000 0.000000 1 0 0 1 1 1 0 0 0.091133 0.007576 0.000000 0.058333 0.000000 1 0 0 1 0 0 0.000000 0.250000 0 0 0 0 0 0.000000 0.000000 0.250000 0.333333 0.000000 0.000000 0.500000 0.000000 0.600000 0 0.142857 0 0 0.500000 1 0 0.531915 1 0
0 0.000000 0.000000 1 1 0 0 1 0 0 1 0.174877 0.000000 0.000000 0.433333 0.000000 0 1 0 0 1 0 0.000000 0.500000 0 0 0 0 0 0.000000 0.000000 0.000000 0.000000 0.000000 0.000000 0.000000 0.200000 0.000000 0 0.000000 0 0 0.500000 1 0 0.531915 1 0
0 0.000000 0.000000 1 1 0 0 1 1 0 0 0.051724 0.204545 0.000000 0.236111 0.000000 1 0 0 1 0 0 0.000000 0.500000 0 0 0 0 0 0.000000 0.500000 0.250000 0.000000 0.000000 0.333333 0.250000 0.000000 0.200000 0 0.142857 0 0 0.500000 1 0 0.170213 1 0
0 0.000000 0.000000 1 1 0 0 1 0 1 0 0.093596 0.204545 0.055556 0.250000 0.000000 1 0 0 1 0 0 0.500000 0.000000 1 1 1 1 1 0.000000 0.000000 0.500000 0.000000 0.000000 0.666667 0.000000 0.000000 0.400000 0 0.285714 0 0 0.333333 1 1 0.191489 1 0
0 0.000000 0.000000 1 0 0 1 1 0 1 0 0.002463 0.159091 0.000000 0.883333 0.000000 1 0 0 1 0 0 0.000000 0.000000 0 0 0 0 0 0.000000 0.000000 0.000000 0.000000 0.000000 0.333333 0.000000 0.200000 0.600000 0 0.142857 0 0 1.000000 1 0 0.765957 1 0
0 0.000000 0.000000 1 1 0 0 1 1 0 0 0.440887 0.000000 0.000000 0.108333 0.000000 0 1 0 1 0 0 0.000000 0.250000 0 0 0 0 0 0.000000 0.000000 0.000000 0.000000 0.000000 0.000000 0.000000 0.000000 0.000000 0 0.000000 0 0 0.166667 1 0 0.425532 1 0
0 0.000000 0.000000 1 1 0 0 1 0 0 1 0.007389 0.863636 1.000000 0.666667 0.000000 0 1 0 1 0 0 1.000000 0.000000 1 1 1 1 1 0.000000 0.000000 0.000000 0.000000 0.000000 0.000000 0.000000 0.400000 0.000000 0 0.000000 0 0 1.000000 1 1 0.702128 1 0
0 0.000000 0.000000 1 0 0 1 1 0 1 0 0.000000 0.098485 0.444444 0.050000 0.470588 1 0 0 1 0 0 0.500000 0.000000 1 1 1 1 1 0.000000 0.000000 0.000000 0.000000 0.333333 0.000000 0.000000 0.200000 0.000000 0 0.142857 0 0 0.500000 1 1 0.404255 1 0
0 0.000000 0.000000 1 1 0 0 1 0 0 1 0.337438 0.022727 0.000000 0.483333 0.000000 1 0 0 1 0 0 0.000000 0.500000 0 0 0 0 0 0.000000 0.000000 0.250000 0.000000 0.000000 0.333333 0.000000 0.000000 0.200000 0 0.142857 0 0 0.166667 1 0 0.297872 1 0
0 0.000000 0.000000 1 0 1 0 1 0 0 1 0.071429 0.022727 0.000000 0.083333 0.000000 1 0 0 1 0 0 0.000000 0.000000 0 0 0 0 0 0.000000 0.500000 0.250000 0.333333 0.000000 0.666667 0.250000 0.000000 0.800000 0 0.428571 0 0 0.333333 1 0 0.170213 1 0
0 0.000000 0.000000 1 0 1 0 1 0 1 0 0.086207 0.000000 0.000000 0.008333 0.000000 1 0 0 1 0 0 0.000000 0.250000 0 0 0 0 0 0.000000 0.000000 0.250000 0.000000 0.000000 0.333333 0.000000 0.000000 0.200000 0 0.142857 0 0 0.333333 1 0 0.148936 1 0
0 0.000000 0.000000 0 1 1 0 1 1 0 0 0.187192 0.018939 0.000000 1.000000 0.000000 1 0 0 1 0 0 0.000000 0.000000 0 0 0 0 0 0.250000 1.000000 1.000000 0.000000 0.000000 1.000000 0.000000 0.000000 0.600000 0 0.857143 0 0 0.166667 1 0 0.914894 1 0
0 0.000000 0.500000 1 0 0 1 1 1 0 0 0.204433 0.000000 0.000000 25.000000 0.000000 1 0 0 0 1 0 0.000000 0.000000 0 0 0 0 0 0.000000 0.000000 0.250000 0.000000 0.000000 0.333333 0.000000 0.000000 0.200000 0 0.142857 0 0 0.333333 1 0 0.744681 1 0
0 0.000000 0.000000 1 1 0 0 1 1 0 0 0.002463 0.090909 0.000000 0.166667 0.000000 0 1 0 1 0 0 0.000000 0.500000 0 0 0 0 0 0.000000 0.000000 0.000000 0.000000 0.000000 0.333333 0.000000 0.000000 0.400000 0 0.142857 0 0 0.333333 1 0 0.468085 1 0
0 0.000000 0.000000 1 1 0 0 1 1 0 0 0.115764 0.000000 0.000000 0.122222 0.000000 0 1 0 1 0 0 0.000000 0.500000 0 0 0 0 0 0.000000 0.000000 0.250000 0.000000 0.000000 0.333333 0.000000 0.000000 0.200000 0 0.142857 0 0 0.333333 1 0 0.574468 1 0
0 0.000000 0.000000 1 0 1 0 1 0 1 0 0.529557 0.000000 0.000000 0.008333 0.000000 1 0 0 0 1 0 0.000000 0.000000 0 0 0 0 0 0.000000 0.000000 0.250000 0.333333 0.000000 0.000000 0.250000 0.000000 0.000000 0 0.142857 0 0 0.333333 0 0 0.191489 1 0
0 0.000000 0.000000 1 0 1 0 1 0 1 0 0.012315 0.113636 0.000000 0.111111 0.000000 1 0 0 1 0 0 0.000000 0.000000 0 0 0 0 0 0.000000 0.000000 0.000000 0.000000 0.000000 0.000000 0.000000 0.000000 0.000000 0 0.000000 0 0 0.500000 1 0 0.085106 1 0
0 0.000000 0.000000 1 0 1 0 1 0 1 0 0.145320 0.000000 0.000000 0.166667 0.000000 1 0 0 1 0 0 0.000000 0.000000 0 0 0 0 0 0.000000 0.000000 0.000000 0.000000 0.000000 0.000000 0.000000 0.000000 0.000000 0 0.000000 0 0 0.500000 1 0 0.191489 1 0
0 0.000000 0.000000 1 0 1 0 1 0 1 0 0.088670 0.003788 0.000000 0.166667 0.000000 1 0 0 1 0 0 0.000000 0.000000 0 0 0 0 0 0.000000 0.000000 0.000000 0.000000 0.000000 0.000000 0.000000 0.000000 0.200000 0 0.000000 0 0 0.333333 1 0 0.446809 1 0
0 0.000000 0.000000 1 1 0 0 1 1 0 0 0.145320 0.000000 0.000000 0.600000 0.000000 0 1 0 0 1 0 0.000000 0.750000 0 0 0 0 0 0.000000 0.000000 0.000000 0.000000 0.000000 0.000000 0.000000 0.000000 0.200000 0 0.000000 0 0 0.833333 1 0 0.510638 1 0
0 0.000000 0.000000 1 0 1 0 1 0 1 0 0.500000 0.000000 0.000000 0.002778 0.000000 1 0 0 1 0 0 0.000000 0.000000 0 0 0 0 0 0.000000 0.000000 0.000000 0.000000 0.000000 0.000000 0.000000 0.000000 0.000000 0 0.000000 0 0 1.000000 1 0 0.212766 1 0
0 0.000000 0.000000 1 0 1 0 1 1 0 0 0.029557 1.000000 0.000000 0.133333 0.000000 1 0 0 1 0 0 0.000000 0.000000 0 0 0 0 0 1.000000 1.000000 1.000000 1.000000 1.000000 1.000000 1.000000 1.000000 1.000000 1 1.000000 1 1 0.166667 1 0 0.148936 1 0
0 0.000000 0.000000 1 1 0 0 1 0 0 1 0.115764 0.000000 0.000000 0.166667 0.000000 0 1 0 1 0 0 0.000000 0.250000 0 0 0 0 0 0.000000 0.000000 0.000000 0.000000 0.000000 0.000000 0.000000 0.000000 0.000000 0 0.000000 0 0 0.166667 1 0 0.638298 1 0
0 0.000000 0.000000 1 1 0 0 1 1 0 0 0.174877 0.000000 0.000000 0.100000 0.000000 0 1 0 1 0 0 0.000000 0.500000 0 0 0 0 0 0.000000 0.000000 0.000000 0.000000 0.000000 0.000000 0.000000 0.000000 0.000000 0 0.000000 0 0 0.333333 1 0 0.319149 1 0
0 0.000000 0.000000 1 1 0 0 1 0 0 1 0.115764 0.000000 0.000000 0.100000 0.000000 1 0 0 1 0 0 0.000000 0.000000 0 0 0 0 0 0.000000 0.000000 0.000000 0.000000 0.000000 0.000000 0.000000 0.000000 0.000000 0 0.000000 0 0 0.166667 1 0 0.468085 1 0
0 0.000000 0.000000 1 1 0 0 1 1 0 0 0.056650 0.022727 0.000000 0.083333 0.000000 0 1 0 1 0 0 0.000000 0.750000 0 0 0 0 0 0.000000 0.000000 0.000000 0.000000 0.000000 0.000000 0.000000 0.000000 0.400000 0 0.000000 0 0 0.500000 1 0 0.425532 1 0
0 0.000000 0.000000 1 0 0 1 1 1 0 0 0.056650 0.022727 0.000000 0.066667 0.000000 1 0 0 1 0 0 0.000000 0.000000 0 0 0 0 0 0.000000 0.000000 0.000000 0.000000 0.333333 0.000000 0.000000 0.200000 0.000000 0 0.285714 0 0 0.500000 1 0 0.404255 1 0
0 0.000000 0.000000 1 0 0 1 1 1 0 0 0.004926 0.272727 0.000000 0.022222 0.000000 1 0 0 1 0 0 0.000000 0.250000 0 0 0 0 0 0.000000 0.000000 0.000000 0.000000 0.000000 1.000000 0.250000 0.000000 1.000000 0 0.714286 0 0 0.500000 1 0 0.297872 1 0
0 0.000000 0.000000 1 0 1 0 1 0 1 0 0.204433 0.000000 0.000000 0.166667 0.000000 1 0 0 1 0 0 0.000000 0.000000 0 0 0 0 0 0.250000 0.500000 1.000000 0.000000 0.333333 1.000000 0.000000 0.200000 0.800000 0 0.714286 0 0 0.166667 1 0 0.340426 1 0
0 0.000000 0.000000 1 1 0 0 1 0 0 1 0.000000 0.045455 0.000000 0.050000 0.000000 0 1 0 1 0 0 0.000000 0.250000 0 0 0 0 0 0.000000 0.000000 0.000000 0.000000 0.333333 0.333333 0.000000 0.200000 0.200000 0 0.285714 0 0 0.500000 1 0 0.574468 1 0
0 0.000000 0.000000 1 0 1 0 1 0 1 0 0.086207 0.000000 0.000000 0.091667 0.000000 1 0 0 1 0 0 0.000000 0.000000 0 0 0 0 0 0.000000 0.000000 0.000000 0.000000 0.000000 0.000000 0.000000 0.000000 0.000000 0 0.000000 0 0 0.500000 1 0 0.702128 1 0
0 0.000000 0.000000 1 1 0 0 1 0 0 1 0.041872 1.000000 0.000000 0.019444 0.000000 1 0 0 1 0 0 0.000000 0.000000 0 0 0 0 0 0.000000 0.500000 0.250000 0.000000 0.333333 0.000000 0.000000 0.200000 0.200000 0 0.142857 0 0 0.166667 1 0 0.744681 1 0
0 0.000000 0.000000 1 1 0 0 1 0 1 0 0.029557 0.068182 0.000000 0.122222 0.000000 1 0 0 1 0 0 0.000000 0.000000 0 0 0 0 0 0.500000 1.000000 0.500000 1.000000 0.333333 0.000000 1.000000 0.800000 0.000000 0 0.714286 0 0 0.166667 1 0 0.148936 1 0
0 0.000000 0.000000 1 0 1 0 1 0 1 0 0.041872 0.136364 0.000000 0.050000 0.000000 1 0 0 1 0 0 0.000000 0.000000 0 0 0 0 0 0.000000 0.000000 0.000000 0.000000 0.000000 0.000000 0.250000 0.000000 0.000000 0 0.000000 0 0 0.333333 1 0 0.042553 1 0
0 0.175012 0.500000 1 0 0 1 1 1 0 0 0.470443 0.000000 0.555556 0.333333 0.941176 1 0 0 1 0 0 1.000000 0.500000 1 1 1 1 1 0.000000 0.000000 0.250000 0.000000 0.000000 0.333333 0.000000 0.000000 0.200000 0 0.142857 0 0 0.166667 1 1 0.361702 1 0
0 0.000000 0.000000 1 1 0 0 1 0 0 1 0.088670 0.003788 0.000000 0.100000 0.000000 1 0 0 1 0 0 0.000000 0.500000 0 0 0 0 0 0.000000 0.000000 0.000000 0.000000 0.000000 0.333333 0.000000 0.000000 0.200000 0 0.142857 0 0 0.166667 1 0 0.510638 1 0
0 0.000000 0.000000 1 0 0 1 1 1 0 0 0.086207 0.000000 0.000000 0.366667 0.000000 1 0 0 1 0 0 0.000000 0.000000 0 0 0 0 0 0.000000 0.000000 0.250000 0.000000 0.000000 0.333333 0.000000 0.000000 0.200000 0 0.142857 0 0 0.333333 1 0 0.297872 1 0
0 0.000000 0.000000 1 1 0 0 1 1 0 0 0.293103 0.000000 0.000000 0.033333 0.000000 0 1 0 0 1 0 0.000000 0.500000 0 0 0 0 0 0.000000 0.500000 0.250000 0.333333 0.000000 0.333333 0.500000 0.000000 0.800000 0 0.571429 0 0 0.166667 1 0 0.446809 1 0
0 0.000000 0.000000 0 1 1 0 1 0 0 1 0.509852 0.015152 0.000000 0.733333 0.000000 1 0 0 1 0 0 0.000000 0.500000 0 0 0 0 0 0.000000 1.000000 0.750000 0.000000 0.333333 0.666667 0.000000 0.400000 0.400000 0 0.428571 0 0 0.833333 1 0 0.765957 1 0
0 0.000000 0.500000 1 1 0 0 1 1 0 0 0.071429 0.045455 0.000000 0.011111 0.000000 0 1 0 1 0 0 0.000000 0.000000 0 0 0 0 0 0.000000 0.000000 0.000000 0.000000 0.000000 0.000000 0.000000 0.000000 0.000000 0 0.000000 0 0 0.833333 1 0 0.297872 1 0
0 0.000000 0.000000 1 0 1 0 1 0 1 0 0.088670 0.000000 0.000000 0.066667 0.000000 1 0 0 1 0 0 0.000000 0.000000 0 0 0 0 0 0.000000 0.000000 0.000000 0.000000 0.333333 0.333333 0.000000 0.200000 0.200000 0 0.428571 0 0 0.333333 1 0 0.212766 1 0
0 0.000000 0.000000 1 1 0 0 1 1 0 0 0.086207 0.000000 0.000000 0.066667 0.000000 1 0 0 1 0 0 0.000000 0.750000 0 0 0 0 0 0.000000 0.000000 0.000000 0.000000 0.000000 0.000000 0.000000 0.000000 0.000000 0 0.000000 0 0 0.333333 1 0 0.468085 1 0
0 0.000000 0.000000 1 0 1 0 1 0 1 0 0.032020 0.867424 0.000000 0.044444 0.000000 1 0 0 1 0 0 0.000000 0.000000 0 0 0 0 0 0.000000 0.000000 0.250000 0.333333 0.000000 0.000000 0.750000 0.000000 0.000000 0 0.142857 0 0 0.333333 1 0 0.042553 1 0
0 0.000000 0.000000 1 0 0 1 0 1 1 0 0.046798 0.409091 0.000000 0.038889 0.000000 1 0 0 1 0 0 0.000000 0.000000 0 0 0 0 0 0.000000 0.000000 0.000000 0.333333 0.000000 0.000000 0.750000 0.000000 0.000000 0 0.142857 0 0 0.166667 1 0 0.148936 1 0
0 0.000000 0.000000 1 1 0 0 1 0 0 1 0.206897 0.003788 0.000000 0.302778 0.000000 1 0 0 1 0 0 0.000000 1.000000 0 0 0 0 0 0.000000 0.000000 0.000000 0.000000 0.000000 0.000000 0.000000 0.000000 0.000000 0 0.000000 0 0 0.166667 1 0 0.340426 1 0
0 0.000000 0.000000 1 0 1 0 1 1 0 0 0.002463 0.454545 0.000000 0.050000 0.000000 1 0 0 1 0 0 0.000000 0.000000 0 0 0 0 0 0.000000 0.000000 0.000000 0.333333 0.000000 0.333333 0.500000 0.000000 0.200000 0 0.285714 0 0 0.333333 1 0 0.170213 1 0
0 0.000000 0.000000 1 0 1 0 1 1 0 0 0.056650 0.022727 0.000000 0.022222 0.000000 0 1 0 0 1 0 0.000000 0.000000 0 0 0 0 0 0.000000 0.500000 0.750000 0.000000 0.000000 1.000000 0.000000 0.200000 0.600000 0 0.428571 0 0 0.500000 1 0 0.255319 1 0
0 0.000000 0.000000 1 1 0 0 1 1 0 0 0.086207 0.000000 0.000000 0.002778 0.000000 1 0 0 1 0 0 0.000000 0.250000 0 0 0 0 0 0.000000 0.000000 0.000000 0.000000 0.000000 0.000000 0.000000 0.000000 0.000000 0 0.000000 0 0 0.333333 1 0 0.404255 1 0
0 0.000000 0.000000 1 1 0 0 1 0 1 0 0.014778 0.363636 0.000000 0.019444 0.000000 0 1 0 1 0 0 0.000000 0.500000 0 0 0 0 0 0.000000 0.000000 0.750000 0.000000 0.000000 1.000000 0.000000 0.000000 0.600000 0 0.428571 0 0 0.166667 1 0 0.404255 1 0
0 0.000000 0.000000 1 1 0 0 1 0 0 1 0.014778 0.022727 0.000000 0.283333 0.000000 1 0 0 1 0 0 0.000000 0.000000 0 0 0 0 0 0.000000 0.000000 0.000000 0.000000 0.000000 0.333333 0.250000 0.000000 0.400000 0 0.142857 0 0 0.500000 1 0 0.234043 1 0
0 0.021815 0.500000 1 0 1 0 1 0 1 0 0.174877 0.000000 0.000000 0.100000 0.000000 1 0 0 1 0 0 0.000000 0.000000 0 0 0 0 0 0.000000 0.000000 0.000000 0.000000 0.000000 0.000000 0.000000 0.000000 0.000000 0 0.000000 0 0 1.000000 1 0 0.127660 1 0
0 0.000000 0.000000 1 0 0 1 1 1 0 0 0.056650 0.136364 0.833333 0.600000 0.470588 1 0 0 1 0 0 0.500000 0.500000 1 1 1 1 1 0.000000 0.000000 0.000000 0.000000 0.000000 0.000000 0.000000 0.000000 0.200000 0 0.000000 0 0 0.333333 1 1 0.595745 1 0
0 0.000000 0.000000 1 1 0 0 1 0 0 1 0.411330 0.000000 0.000000 0.500000 0.000000 0 1 0 0 1 0 0.000000 0.500000 0 0 0 0 0 0.250000 1.000000 0.500000 0.000000 0.000000 0.666667 0.000000 0.000000 0.400000 0 0.285714 0 0 0.166667 1 0 0.595745 1 0
0 0.000000 0.000000 1 0 0 1 1 1 0 0 0.120690 0.000000 0.000000 0.005556 0.000000 1 0 0 1 0 0 0.000000 0.500000 0 0 0 0 0 0.000000 0.500000 1.000000 0.000000 0.000000 1.000000 0.000000 0.000000 0.600000 0 0.571429 0 0 0.333333 1 0 0.255319 1 0
0 0.000000 0.000000 1 1 0 0 1 1 0 0 0.322660 0.000000 0.000000 0.019444 0.000000 1 0 0 1 0 0 0.000000 0.500000 0 0 0 0 0 0.000000 0.000000 0.000000 0.000000 0.000000 0.000000 0.250000 0.000000 0.000000 0 0.000000 0 0 0.166667 1 0 0.446809 1 0
0 0.000000 0.000000 1 0 1 0 1 1 0 0 0.115764 0.000000 0.000000 0.116667 0.000000 1 0 0 1 0 0 0.000000 0.000000 0 0 0 0 0 0.000000 0.000000 0.000000 0.000000 0.000000 0.000000 0.000000 0.000000 0.200000 0 0.000000 0 0 0.833333 1 0 0.297872 1 0
0 0.000000 0.000000 1 1 0 0 1 1 0 0 0.002463 0.181818 0.000000 0.200000 0.000000 1 0 0 1 0 0 0.000000 0.000000 0 0 0 0 0 0.000000 0.000000 0.250000 0.333333 0.000000 0.000000 0.250000 0.800000 0.000000 0 0.285714 0 0 0.666667 1 0 0.489362 1 0
0 0.000000 0.000000 1 0 0 1 1 0 1 0 0.014778 0.022727 0.000000 0.019444 0.000000 1 0 0 1 0 0 0.000000 0.000000 0 0 0 0 0 0.000000 0.000000 0.000000 0.000000 0.000000 0.000000 0.000000 0.000000 0.000000 0 0.000000 0 0 0.166667 0 0 0.148936 1 0
0 0.000000 0.000000 1 0 1 0 0 1 1 0 0.532020 0.000000 0.000000 0.091667 0.000000 1 0 0 1 0 0 0.000000 0.000000 0 0 0 0 0 0.000000 0.000000 0.000000 0.000000 0.000000 0.000000 0.250000 0.000000 0.000000 0 0.000000 0 0 0.166667 1 0 0.042553 1 0
0 0.000000 0.000000 1 0 1 0 0 1 1 0 0.130542 0.022727 0.000000 0.069444 0.000000 1 0 0 1 0 0 0.000000 0.000000 0 0 0 0 0 0.000000 0.000000 0.500000 0.000000 0.000000 0.666667 0.000000 0.000000 0.400000 0 0.285714 0 0 0.166667 1 0 0.127660 1 0
0 0.000000 0.000000 1 1 0 0 1 1 0 0 0.056650 0.090909 0.000000 0.016667 0.000000 1 0 0 1 0 0 0.000000 0.500000 0 0 0 0 0 0.000000 0.000000 0.000000 0.000000 0.000000 0.000000 0.000000 0.000000 0.000000 0 0.000000 0 0 0.166667 1 0 0.319149 1 0
0 0.000000 0.000000 1 1 0 0 1 1 0 0 0.086207 0.000000 0.000000 0.100000 0.000000 1 0 0 1 0 0 0.000000 0.750000 0 0 0 0 0 0.000000 0.000000 0.000000 0.000000 0.000000 0.333333 0.000000 0.000000 0.200000 0 0.142857 0 0 0.500000 1 0 0.319149 1 0
0 0.000000 0.000000 1 1 0 0 1 0 0 1 0.056650 0.045455 0.000000 0.066667 0.000000 1 0 0 1 0 0 0.000000 0.250000 0 0 0 0 0 0.000000 0.000000 0.500000 0.000000 0.000000 0.666667 0.250000 0.000000 0.800000 0 0.285714 0 0 0.333333 1 0 0.212766 1 0
0 0.000000 0.000000 1 0 0 1 1 0 0 1 0.027094 0.136364 0.833333 25.000000 1.000000 0 1 0 1 0 0 0.500000 0.000000 1 1 1 1 1 0.000000 0.000000 0.000000 0.000000 0.000000 0.333333 0.250000 0.000000 0.200000 0 0.142857 0 0 0.500000 1 1 0.595745 1 0
0 0.000000 0.000000 1 0 1 0 0 1 1 0 0.293103 0.000000 0.000000 0.200000 0.000000 1 0 0 1 0 0 0.000000 0.000000 0 0 0 0 0 0.000000 0.500000 0.500000 0.000000 0.333333 0.333333 0.000000 0.400000 0.200000 0 0.285714 0 0 0.500000 1 0 0.063830 1 0
0 0.000000 0.000000 1 0 1 0 0 1 1 0 0.027094 0.007576 0.000000 0.066667 0.000000 1 0 0 1 0 0 0.000000 0.000000 0 0 0 0 0 0.000000 0.000000 0.000000 0.000000 0.000000 0.000000 0.000000 0.000000 0.200000 0 0.000000 0 0 0.166667 1 0 0.085106 1 0
0 0.000000 0.000000 1 1 0 0 1 1 0 0 0.145320 0.000000 0.000000 0.011111 0.000000 1 0 0 0 1 0 0.000000 0.000000 0 0 0 0 0 0.000000 0.000000 0.000000 0.000000 0.000000 0.000000 0.000000 0.000000 0.000000 0 0.142857 0 0 0.333333 1 0 0.510638 1 0
0 0.000000 0.000000 1 1 0 0 1 1 0 0 0.145320 0.000000 0.000000 0.011111 0.000000 1 0 0 1 0 0 0.000000 0.750000 0 0 0 0 0 0.000000 0.000000 0.250000 0.000000 0.333333 0.333333 0.250000 0.400000 0.400000 0 0.285714 0 0 0.166667 1 0 0.382979 1 0
0 0.000000 0.000000 1 0 0 1 1 1 0 0 0.100985 0.022727 0.000000 0.033333 0.000000 1 0 0 1 0 0 0.000000 0.000000 0 0 0 0 0 0.000000 0.000000 0.000000 0.000000 0.000000 0.000000 0.000000 0.000000 0.000000 0 0.000000 0 0 0.166667 1 0 0.212766 1 0
0 0.000000 0.000000 1 1 0 0 1 0 1 0 0.086207 0.000000 0.000000 0.000000 0.000000 0 1 0 0 1 0 0.000000 0.750000 0 0 0 0 0 0.000000 0.000000 0.750000 0.000000 0.333333 0.333333 0.000000 0.200000 0.200000 0 0.428571 0 0 0.166667 1 0 0.489362 1 0
0 0.000000 0.000000 1 1 0 0 1 0 1 0 0.086207 0.000000 0.000000 0.100000 0.000000 0 1 0 1 0 0 0.000000 0.000000 0 0 0 0 0 1.000000 1.000000 1.000000 1.000000 1.000000 1.000000 1.000000 1.000000 1.000000 1 1.000000 1 1 0.166667 1 0 0.127660 1 0
0 0.000000 0.000000 1 0 1 0 1 1 0 0 0.000000 0.250000 0.000000 0.083333 0.000000 1 0 0 1 0 0 0.000000 0.000000 0 0 0 0 0 0.000000 0.000000 0.250000 0.000000 0.000000 0.333333 0.250000 0.000000 0.200000 0 0.142857 0 0 0.500000 1 0 0.425532 1 0
0 0.000000 0.000000 1 1 0 0 1 0 1 0 0.007389 1.000000 0.000000 0.005556 0.000000 1 0 0 1 0 0 0.000000 0.000000 0 0 0 0 0 0.000000 0.000000 0.500000 0.666667 0.000000 0.000000 0.500000 0.000000 0.000000 0 0.285714 0 0 0.500000 1 0 0.170213 1 0
